64
 94 39 53 47 46  9 71 58 79 62 94 92 11  2 88 37 16 86 51 71 56 11 17 97 49 95 24 43 43 67 44 45 15 34 37 62 47 53  2 93 47 94  8 30  9 51 48 48 92 29 35 94 44 73 64 20 55 37 65 66  9  4 13 85
 37 49 99 25 83 90 91 49 92 47 49 90 76 33 31 93 33 53 89 29 63 39 29 77 39 84 55 88 65 88 59  5 25 84 77  4 92 68 60  8 76 93 34 55 57 39  3 11 79 10 81 84 83 53 23 43 44 10 41  9 83 53 41 65
 80  2 62 97 34 58 72 33 75  5 41 26 55 16 82 99 40 65 35 72 91 30  9 91 91 39 66 75 28 50  6 83 74 63 31 59 77 12 11 13 54 75 92  1 69 56 87 28  6 17 57 47 68 46 36 80 71 47 28 46 15 61 35 85
 89 99 13 84 52 37 16 38 10 42 73 32 17 10 98 19 40 52  7 16 84 59  6 94 69 74 48 89 22 51  8 72  2 48 83 37 70 17 50 53 97 44 52 40 87 36 77 61 57 16 65 82 25 22 59  4 28  7 80 88 84  5 62 18
 33 13  3 60 35 49 97 43 42 69  2  8 75 55 37 25 50 24 66 74 72 66 42 76 71 12 68 35 24 92 95 41 73 39 86 48 32 85 48  5 34 83 61 20 54 46 20 65 93 53 16 13 56 65 77 63 13 98 14 91 16  2 94  4
 12 91 43 27 86 14 55 14 63 60 62 63 78 40 89 75 34 40 81 75 46 25 85 98 61 82 73 40 32 43 12 92 39 75 14 72 43 57 96 56 31 33 12 77  8 19 96 10 24 77 47 52 55 88 28  7 77 19 78 95 76 57 67 96
 81 42 19 38 51  9 64 21 97 38 98  6 33 10 57 79 66 91 60 55 14 31 68 29 22 87 23 26 87 26 64 24 58 12 26 96 35 80  3 78 79 54 99 43 85 41 23 64 48 24 62 60  1  2 92 48 29 22 31 46 54 75 13 45
 46 24 66 68 81 14 64 63 24 47 61 60 32 20 37 76 68 96 80 10 22 35 78 78 72 55 88 60 92 30 41 13  7  2 11 59 54 35 44 86 37  1  9 27 58 93  3 84 13 74 90 14 28 45 62 41  8 62 18  5 41 83 36 58
 57 99 77 23 76 16 93 62 14 25 23 98 60 89 98 12 70 12 97 29 14 76 64 33 61  3 34 91 44 95 23 47 55 21 49 65 21 60 22  8 47 49 47 33  1 29 22 57 22 57 78 50 62 81 73 52 60  8 99 48 53 54 15 83
 61 52 54 19 37 28 32 44 19 47 44 48  1 43  8 85 96 23 79 94 72 10 76 55 35 14 43 29 15 88 33 17 32 41 55 92 79 99 66 76 24 32 73 18 44 10 48  5 25 47 56 30 31 32 74 77  5 56 91 27 60  1 77 82
 40 58 97 18 60 42 93 41 59  6 35  8 13 12 72 70 21 50  3 40 46  6 71 24 31  9  4 38 65 85 36 31 22 52 23 15  6 94 59 44  5 26 89  5  5 64 53 95 98  1 21 66  8 70 80 26 60 81 22 41  2 95 49 43
  1 75 35  1 53 80 46  5 32 15 74 19 35 60 82 30 61  2 66 56 12  8 91 35 70 89  9 99 70  1  5 54 61 46 32 58  1 50 37 28 99 97 77 50 53 54 53 46 83 33 17 98 49 34 27 45 38 29 43  4 11 86  9 92
 52 96 77 38  1 84 46 32 75 87 48 91 51 84 13 54  8 95 33 49 25 13 21 97 32  5 29 79 95 36 26 46 31 23 24 14 16 92 55 41  2 26 56 89  6 81 42  9 88 36 73  6 28 50 47 72 80 59 92 37 39 36 37 90
 96 70 34 82 34 76 14  2 95 75 81  8 50 90 35 35 79 72 43 48 77 37 49 37 32 87 34 82 70 96  7 24 93  2 44 36 92 25 64 22 22 48 24 53 56 92 86 78 46 76 62 73 90 68  2  5 14  5 38 39 20 27 47 54
 69 96 67  2 76 12 18 26 60 56 48 33 22 21 62  7 85 26 91  1 75 35 73 67 58 23 22  1 85 13 44 23 39 76 86 98 44 51  3 49  7 88 46  3 64 81 79 14 99  4 99 98 44 25  2 59 74 82 39 78 35 47 68 95
 21 41 22  5 80 86 22 43 19 97 84 95 62 63 71 29 26 31 56 90 73 79 23 99  8 30 43 65 20  2 49 15 81 82 75 92 41 15 74 36 49 86  8 81 61 20 15 38 90 34 52 56  2 35 81 12  8 64 57 37 99 85  2 91
 44 96  5 18 79 85 17 86 17  7 97 14 55 78  9 31 46 21 54 67 43 40 21 91 73 17 13 96 16 23 11  1 49  4 63 97 76 23 81 75  6 41 69 81 58  7 56 54 35 70 82 20 55 96 24 92 40 24 47 13  7 31 74  7
 65 51 81 79 46 10 67 14 14 15 28 85 56 25 98 77 93  1 91 55 30 41 93 34 65 42 52 21 53  3 18 20 26 29 21 98 11 75 53 44 82  6 51 93 44 57 24 43 26 73 10 34 74 42 44 33 86 77 45 84 45 28 50 89
 94 23 33 11 18 73 50 72 38 16 48 21  1 62 53 15 42 19 25 43 90 73 47 77 88 66 86 34 25 60 71 81 93  1 93  5 88 63 27 77  4 10 86 25 86 34 24 93 45 88 86 26 39 65 28 20 81 70 42 33 16 86 83 77
  2 92 77 83 97 17 41 99 51 58 45 92 56 76 98  1 99 43 41 59 91 19 52 86 75 21 87 89  4 31 39 95  7 69 55 49 25 54 58 84 36 82 65 93 74 27 45 74 17 31 34 54 47 79 88 80 39 54 40 87  8 71 37 12
 36 37 80 20 63 51 60 25 94 26 29 83 95 51 56 28 24  9 20 13 90 29 45 15 19 67 89 73 90 38 63 92  3 44 82 88 57 63 28 33 49 82 67 60 69 36 32 45 79 97 27 27 37 83 89 82 70 91 96 11  6 90  1 54
 20 23 11 26 80  6 91 92 96 52 41 28 42 16 36 71 91 48 48 10 75 50  6 97 31 73 66 13 17 67 65 21 77 61 20 93 33 35 78 76 64 24 67 80 52 83 17 55 62 42 50 44 82 66 71 47 98 52 67 76 54 57 84 78
 66 14 91 95 85 55 53 59 13  9  5 76 18  4 79 30 83 19 52 88 49 22 20 80 25 66  1 75 55 44  6 33 37 44 33 82 83 88 82 17 45  6 31 29 62 63  3 93 63 96 60 34 86 69 34 79 42 30 67 13 95 78 43 40
 35 44 82 87 62 70  3 54 85 44 51 62 49 41 76 14 82 93 72 82  7 51 28 12 66 94  8 67  4  7 63 71 22 38 68 41 98 16 56 67 24 81 43 33 65 21 43 18 29 20 79  3  4 37 88 90 75 81 53 82 23 98 10 83
 68 77  5 71  7 29 68 97 89 71 67 17 81 36 75 93 52 17 32 86 43 27 32  4 79 14 75 19 89 72 80 50 90 84 60 91 93 98 12 58 42 68 77 55 60 93 49 53 45 42 68 69 86 79  6 85 53 90 83  6 76 25 34 92
 22 70 92 22 17 87 24 54 16 78  6 27 19  9 22 59 89 56 68 37 69 96 97 75 43 71 30 63 62 61 93 95 30 50 69  2 92 86 81 66  8 66 93 40 92 95  4 29  5 11 99 13 69 72 14 37 20 60 61  7 42 89 88  7
 74 52  9 56 87 31 51 47 43 96 61 86 52 27 42 39 76 63 22 49 16 30 67 15 44 39 76 85 84 42 44 41 45 68 21 89 18 57  4 46 80 41 61 38 95 13 94  5 54 25 55  6  3 32  6 60 93 68 67  9 76 23 17 17
 37 52 30 62 82 22 10 52 57 80 19 36 46 87 17 28 21 56 36 67 80 62 68  2 77 61 54 56 95 87 28 35 45 57 85  2  6 60 23 28 58 61 80 99  2 68 96 51 20 46 41 83 22 65 42 28 36 83 77 38 29 16 55 29
  9 13 13 41 46 48 97 23 98 36 94  8 76 37 88 96 58 86 26 93 91 46 65 74 48 43 86 63 94 88 81 53 84 84 88 46 52 16 97 34 74 67 83 52 26 83 37 92 54 39 96 48 61 27 79 29  2 88 51 54 45 40 11 73
 40 73 27 27 55 50 81 96 25 44 18 80 16 77 41 22 26 35 53 76 65 63 46  9  6 73 17 11 83 67 88 39 57  2 63 69 51 25  5 63 35 22 91 81 18 83  6 83  7  1 43 94 37 57 89 88 80 78 59 28 31 73  3 86
 99 68 80 60 42 71 39 26 55 56 56 10 33 14 24 91 12 46 81 77 50 68 70 12  1 23 45 33  1 61  6 65 13 20 69 73 56 25 56  5 42  3 69 14  1 36 24 52 79 53 90 84 42 52 82 83 48 70 43 26 72 15 95 58
 78 20  4 94 81 85 23 90 79 53 32 82 93 42 53 72 99 22 62 74 56 47 46  8 27 22 56 46 92 90 48 36 58 86 58 25 59 49 97 96 10 38 55 38 29 24 51 38 71 39 14 74 88 73 25 63 22 42 12 41 59 17 48 50
 97 62 44  9 47 24 46 86 67  9 71  2 83 22 75 29 82 96 88 98 29 21 13 94 85 23 71 39 77 75 16 92 40 94 43 41 64  2 72 39 26 21 18 98 98 63 41 22 19 36 43 23  2 56 55 24 50 57  2 15  7 75 92 80
 68 45 19 20  8 22 54 67 86 36 98 31 13 85 91 75 54 50 78 66 23 43 62 19 16 81 33 43 60 53 67 70 50 74 13 81 26 24 41  4 21 14 92 60 35 58 78 78 15 45 38  1 60 61 65 98 95 13 63 22 33 50 66 98
 95 32 75 82 54 63  3 47 55 51 83 81 92 35 11  6 14 27  2 88 22 74 59 59 86 21 84 20 64 83 73 51  8 61 11 92 89 11 89 12 36 39 94  9 92 90 71 71 17 88 64  5 23 57 85 31 47 88 11 76  3 50  7 29
 48 36 52 69 74 21 19 15 30 70 41 24 80 91 22 42 71 25 48 53 27 56 65 16 77 48 72 16 63  5  2 83 90 29 40 67 47 12 10  4 45 18 27 85 74  5 29 67 96 38 62 76 95 56 28 77 82 79 18 29 89 17 26  6
 54  6 40 68  2 55 45 93 79 71  4 54  4 60 95  9 92 51 26 54 65 41 63 31 61 94 99  9 99 61 26 48 23 72 45 14 98 42 92 94 91 39 47  3  1 50 24 32 88 78 26 36 60 95 51 30 23 94 50 88 16 37 54  2
 22 78 94 13 13 55 14 13 10 41 24 19 35 39 66 85 60 64 61 14 58  9 73 63 28  6 71 62 85  7 85  5 67 89 10 17 92 10 85 36 99 96 34  2 32 43 95 34 14 83 89  5 42  2 81 13  2 18 88 29 10 41 81 10
 68 52 44 41 16 25 64 89 42 46 65 81 97 61 24 43 83 87 85 80 96 94 80 53  7 37 44 88 95 69 41 25 57 52 56 13 25 61 13 64 80 97 32 70 80 46 54 65 35 76 35 38 42  4 84 64 78  9  6 24 24 36  5 64
 34 24  3 47 67 99 80 30 84 83 19 79 41  2 83 22 76 18  9 59  1 47 74 73 32 70 29 90 37 46 45 35 80 10 25 66 21 93 87 24 57 51 16 41 21 37 87 47 55 27  2 80 64 78 69 69 35 56 72 47  5 92  5 55
 40 62 85 87 46 98 45 42 12 67 57 96 10  6 47 55 20 99 60 35 21 91 79 63  5 27 70 38 25 34 29 52 43 66 67 92 28  2 68 44 12 79  1 76 87 59 57 89 98 12  9 11 25 52  8  6 88 79 68 93 82 44 97 99
 50 13 92 46 62 43 41 39 21  8 37 87 46 85  8 44  8 14 63 18 13 50  7 77 30 69 22  7 62 26 10 47 93 77 22 11 91 27 35 85 19  4 33 84 76 70 70 18  6 49 40 22 39  4 79 31 96 61 84 20 99 49 12 52
 14 26 18  8 98 23 22 87 31 57 16 73 87 85 99 85 47 91  9 74 68 92 28 21 64 33  1 89  2 20  4 16 53 24 47  3 94 23 80 16 46 68 10 88 34 67 16 86 88 47 35  7  9 31 66 90 45 18 74 66 27 84 35 70
 29 69 64 46 81 37 88 80 27 59  7 42 69 10 39 11 48 39 50 56 53 93 39 48 31 34 47 82  7 37 52 31 63 29 76 13 17 54 55 35 89  7 62 68  3 89  9 28 64 88 46 56 12 44 51 80 61 54 58 45 52 78 35 31
 26 85 32 45 25 14 62 18 88  8 79 61  9 45  2 49 84 46 33 29  7  3 10 69 65 49 39 37 64 15 86 82  8 92 26 62 26 41 98 85  2 51 46 75 63 32 13 33 81 74 77 91 35 99 89 24 59 32 86 14 27 83 10 50
 40 17 58 32 99 54 32 16  3 23 19 13 93 14  7 67 81 96 22 62 42 86 61  9 97 46 88 72 98 54 87 75  2 25 42 71 17 88 40  8  5 74 71 67 13 18 92 75 53  2 39 72 15  1 37 30 70 96 94 94 87 10 33 71
 29 47 75 49 48 32 58 85 40 53 42 22 89 55 26 40  8 77 62 28 27 65 24 63 30 63 54 97  4 56 35 48 61 76 54 69 35 51  1 10 58 64 22 84 34 93 38 34 97 59  4 19 51  1 52 59 87 26 69 40 21 70  5 59
 36  2 30 63 16 58 62 16 70 17 77 50  8 67 31 41 66  5 21 11 81 86 27 87  8 66 31 35 52 20 46 41 70 65 51  2 50 23 94 68 96 60 69 32 78  5 87 89 12 28 94 63 81 69 18  7  6 10  2 20 47 73  2 15
 61 13  5 79 50  3 29 98 51 98  7 52 14 68 20  6 40 58 32 39 80 99  6  1 66  6 58 61 62  3 99 16  1 84 83 65 36 18 81 44 12 82  7 94 40  8 18 11 58 47 59 57 38 87 25 52 64 45 31 70 76 39 30  8
 38 16 60 37 95 49 98 98 38 93 10 84 83 94 46 62 61 50 19 11 60 71 40 92 87 50 29 69 80 19 74 70 50 96 92 74  4 97 25 77 32 94 18 30 46 59 58 20 16 98 65 59 93  8 18 35 12 27 79 46 35 34 96 28
 29 23 49 50  2 28 90 55 17 93 61 46 89 23 91  1 73 99 15 36 80 52 67 73 28  7 98  3 10 31  9 55 49 36 33 39 97 21  8 54 88 99 98 17 73 63 16 20 23 13 55 48 16  2 30 32 35 26 13 92 80 74 99 80
  1 17 69 16 48 38 75  1 11 99 49  7 23  4 82 86 88 14 59 96 80 15 94 41 30 43 38 52 25 40 47 39 57 38  6 85 46 46 14 47 27  3 26 30 28 32 57 74 40 49 37 54 87 53 87 73 71 65 72 93 78 23 33 48
 72  9 88  7 77 60 79 64 13 78 92  4 17 39 61 67 55 40 98 26 89 59 44 81 52 48 95 26  7  9 71 10 85 94 40 24 89 63 56 73 12 99 43 34 59 77 23 19 68 55 65 94 72 39 62 67 94  3 70 11  6 40 97 71
 29 99  6 49 65 40 31 23 19 51 25 36  8 39  9 86 75 59 55 43 16 19 27 72 74 90 82  2 38 22 43 87 66 91 77 20 16 25 48 80 93 30 39 54 33 77  9 32  2 30 10 41 24 64 63 89 41  3  5 46 40 52  7 92
 72 70 42 55 40 96 54 81 68 99 62  4 64 93 82 10 36 24 19 83 49 97 79 73 21 23 84  8 49 37 83 38  8 49  5 74  1 59 80 13 17 41 11 28 91  1 27 89 54 16 91 18 86  1 62 53 78 68 35 27 57 41 90 11
 32  1 40 16 79 92 14 37 12 84 25 34 81 60 40  2 93 95 73 96  1 72 48 61 23 68 32 76 99 66 48 54 81 19 87 55 75 74 67 71 33 40 78 16 62 64 66 18 33 18 18 72 46 37 76 88 62 28 41 67 23 16 65  3
  2 53 38 59 48 22 36 17 23 34 87 44 89 25 13 49  4 43 79 91 12  3 91 54 82  6 52 30 78 48 99 72  6 53 73 13 73 73 79 63 34 10 58 63 74 95 86  8 63 88  5 78 96 35 20 73 97 18 86 28 52 78 81 18
 58  2 14 54 41 42 34 97 23 22 70  3 70 35  9  7 27 76 23 64 92 10 89 75 58 84  5  6 39 71 87 23 85 73 67 66 57 95 72 32 91 41 10 65 38 60  6 53 67 61 71 75 99 67 66 21 43 53 74 13 92 42 33 92
 29 31 88 75 41 94 98 73 13  9 37 11 26 40  2  8 97 26 14 63 31 96 65 55 13  9 98 21 24 51 39 80 47 28 79 54 63 14 58 51 19 52 46 78 85 94 46 33  4 39 96 10 80 23 25 72 56 64 69 67 11  3 19 84
 90 25 20 86 75 32  3 97 34  6 26 50 12 46 16 54 17 23 93 44  4 22 82 10 90 15 65 86 49 57 68 28 20 66 81 43 15 54 38 20 78 25 67 34 32  4  4 96 47 11 20 75 29 35 34 71 83 23 24 73 63 25 11  3
 31 32 69 58 97 96 79 77 69 35 11 72 48 15 76 92 23  8 25 30 84 76 14 40 78 33 34 14 46 11 28 87 60 69 38  2 95 17 45 11 44 53  6 87 45 52 76 11 24  5 26 12 63 50 13 63 62 81 77 71 29 37 13 92
 46 62 43 41 29 66 93 98 68 16  5  8 61 15 32 30 58  6 46  3 29 47 72 14 96 70 93 43  2 48 94 65 36 35 58 57 62 55 61 26 58 33 72 76 68 71 31 81  9 63  6 29 12 56  8 82 76  9 87 33 46 86 45 15
  4 89 96 55 19 23 92 58 73 54 65 49 81 31 74 71 34 21 99 38 55  4  1 68 79 62 15 24 20 87 66 30 44 91  2 44 68 76 87 99 13 35 24 34 83 63 64 43 95 22 72 51 36 17 37 69 36 37 76 69 43 39  9 64
 37 44 20 25 92 77 74  6 53 93 57  5 77 45 12 75 37 93 20 36 15 54 61 16 99 19 93 44 57 58 11 84 29 17 21 66 55 14 49 49 32 61 36 57 30 76  3 17 30 92 34 45 12 16 96 34 31 31 28 41 29 91 94 29
