128
 48 99 91 78 74 89 73 44 12 82 20  4 61 84 14 87 36 76 59 62 79  5 37 83 42 40 16 97 91 92 37 63 10 51 72 25 44 79 77 15 92 87 26 57 15 42 65  9 80 25 46 45 54 38 72 14 55 18 76 74 74 96 87 55 44 36 53 99 25 38 69 57  5 32 62 46 94 81 81 76 56 72 58 92 12 96 17 94  9 59 51 62 91 96 86 41  7 98 79 53 90 90 18 19 13 79 99 43 63 72 15 64 25 31  8 88 63  5 16 50 98 47 79 61 44 38 30 15
 23 88 33 83 59 63 12  3 86 81 62 50 57 76 77 75 12 64 72 15 21 30 11 57 63 79 93 20 40 78 99 17 10 63 54 39 16 66  3 11 78 84 55 86 15 87 42 96 92 99 22 43 10  6 47  5  6  5 55  9 17  4 76 62 63  9 63 92 28  1 12 71  9 90  8 36  4 27 49 60 27  7 13 72 93 98 41 57 14 72 58 64  9 13  2 39 95 57 75 34 81 80 42 97 51 35 38 58 10 98 12 17 79 74 77 88 55 55 80 29 31 89 84 73 98 45 66 39
 37 86 72  5 20 19  6 52 51 81 65 44  7 75 37 11 29 39 34 17 53 49 88 36 20 32 24 96 31 22 48 37 56  8 68 35 13  8 52 63 85  9 97 55 44  5 71 31 62 99 84 38 15 42 68 82 27  3 61 77 34  8 56 81 13 86  5 69 66  4 40 65 65 51 12 84 25 30  1 94  8 41 13 57 47 65 93 71 83 26 30 64 86 63 89 27 75 60 44 26  4 76 95 99  3 92 22 99 82 42 58 41 77 19 15 71  9 37 64 47 95 33 98 73 95 46  7  2
 18 34 58 62 70  7 85 70 16 56 37 89 93 75 80 42 98 76 68 23 67 10 16 52 59 84 67 90 10 44 74 41 69 22 90 51 63 16 10 98 53  9 22 99 10 25 18 72 70 88 11 38 97 59 68 18 21 10 24 85 92 56 54 71 59 85 30 77 58 58 34 37 29 20 91 67 43 14 38 93 83 48 49 91 67 43  3 51 79 81 33 57 72  8 81 62 90 62 46 78 69 17 73 62 71 62  6 76 75 86 86 88 79 77 92 99 11 50 97 32 80 95 51  5 66 59 38 60
 66 76 99 84 46 78 50 49 99 36 83 80 76 43 33 28 92 50 10 16 61  8 23 32  6 85 85 60 36 49 77 46  1 85 98 10 50 50 65 14  3 20  9 89 49 52 45 91  1 44 75 18 71 18 85 44 36 76  1  6 26 29 60 25 50 65 28 45 76 25 54 39 19 58 78 44 30 94 77 99 93 85 79 54 56 52 78 19 75 84 16 13 24  6 55 95 58 49 73 61 93 27 28 59 70 26 22 72 86 12 72 25 58 40  1 75 73 90  7 27 17 89 40 26 88 61 32 87
 32 53  3 85 70  1 81  3 37 43 83 64 30  1 72 84 52 96  9 70 39 33 61 58 35 94 46 36 45 61 29  1 34 60 89  6 61 94 57  2 61 61 51 92 42  5 52 66 65 17 36 74 95 84 13 48 15  6 64 73 14 80 44 78 54 23 22  1 42 18 97 42 11 92 14 36 74 11 47 10 43 28 25 54 42 48 73 17 81 81 42 88 94 19 40 62 62 40 15 94 90 70 40 40 15 50 79 96 20 76  6 36 44 39 26 71 79 25 92 90 25 90 75 65 53 21 93 51
 65  7 40 20 66 74 57 34 45  4 82 68 44 53 92 17 28 78 69  8 38 48 19 99 62 46 45 21 43  6 74 75 27 48 92 71 76 50 89  6 82 74 22 81 18 37  8  8 46 93 79  1 59 98 85  5 93 41 59  4  1  6 75 49 88 20 32 44 84 60 60 55 30 17 38 13 73 58 70 40 72 82 31 77 22 52 32 30 55  3 85 34 24 29 80 75 77 55 97  1 38 74 73  7 23 71 59  5 89 24 22 37 51 70  1 48 97 55 28 17 82 57 29 14 62 27 10 62
  9 83 30 17  7 36 20 35 65  4 78 64 91 47 53 76 88  8 69 78 27 39 21 45 44 41 21 83 88 62 56 31 35 38  2 26 91 80 64 33 71 16  9 13  5 23 92 28 89 42 22 96 75 72 90 53 39 55 93 26 68 86 38 91 57 18 80 64 72 39 71 12 74 31 44 53 49 79 39 75 31 74 18 73  4 69 54 25 67 93 69 92 86 82 18 61 75 59 35 75 83 83 64 47 42 22 64 59 74 53 42 44 48 27 44 27 65 47 22 84  8 69 20 10 88 14 11 28
 76 75 90 79 35 76 43 61 62 21 49 59 30 47 34 68 14 52 74 73 73 23 48 47 44 13 78 50 24 32  2 96 44 68 89 47 95  1 42 57 11 46 24 47 26  6 18 29 39 11 23 86 48 93  1 37 37 44 87 57 77 39 26 38 75 83 32 21  1 57 57 77 84 52 97 47  9 92 28 42 96 70 70 37 23 28 41  7  3 88 82 27 87 80 75 17 35 69 75 63 81  9 56 96  8 57 19 53 44 62 44 87 38 51 52 32 36 29 99 16 65 39 32  8 96 98 64 21
 44 50 10 65 69 32 66 25  5 91 88 92 62 31  4 17  2 53 63  2 79 15 28  9 39 16 14 39 12  8 37 66  9 31 13 81 66 88 41 83  7 20 11 57 48 18 99 34 45  9 22  9 72 31 74 88 63 47 29  6 83 78 79 71 28 31 62 77 21 97 81 67 11 41 68 12 62 11 71 82 70 88 60 63 43 15 16 91 41 57 39 17 30 40 56 66 41 75 73 49  5 50 76  9 73 52 64 57 58 53 41 94 95 42 53 43 52 97 28 71 73 12 72 18 46 13 40 69
 42  1 84 58 55 10 18 57 75 51 64 83 23 30 41 48 92 44 46 55 65 98 48 21 54 54 31 13  3 36 66 78  3 78 14 59 39 63 43  1  4 70 73 26 34 84 29 73 65 52 57  9 21 61 33 46 95 36 48 47 53 22 32 87 56 99 11 32 40 16  9 88  4 98  3 66 76 30 87 79 65 40 63 48 63 46  7 98  1 61  2  3  5 71 95 75 48 43 21 78 62 97 41 50  1 29  6 76 13 71 88 88 87 11 98  3 99 47 97 67 76 71 71 19 47 51 11 71
 20  3 93 43 84 73 69 77 16 76 83 57 73 37 24 66 33  5  2  8 26 24 29 54 98 58 59 21 77 21 49 13 27 33 58 36 47 57 79 92 64 59 62 13 90 15  9 51  4  2 97 81 85 61 42 15 54 39  7 31 27 76 10 50 68 10 43 99 95 84 92 70 31 97 91  7 78 98 86  7 82 80 41 45 74 80 15 92 60 52 94  9 65 64 74 99 98 47 36 43 31  5 44 17 41 12 94 45 50 53 74 24 20 74 61 46 61 46 67 58 53 90 26 11  2 37 95  3
 36  1 68 36 50 26 90 71 92 81 95 24 78 65  5 16 26 68 48 93 87 53 26  3 36 10 64 22 88 11 29 36 55 71 42 71 57 38 19 16 21 56 97 82 16 25 53 88 25  4 53 14 26  7 42 18 16 94 83 55 94 93 34 67 46 81 18 61 58 10 95 36 13 68 91  4 80 62 48 87 35 45 29 12 66 14 70 80 45 53 45 16 88 75 56 27 98 55 65 63 60 65  9  5 40  6  7  9 16 45 39 40 44 28 25 74 53 16 89 40 30 11 93 52 42 93  7 53
 85 56  8 35 28 96 10  1 73 96  5 85 82 59 20 14 92 44 96 44 87 55 74 49 10 30 89 64 58 31  9 44 93 99 29 23  1 93 84 68 11 64 56 15 48 44  9 22 59 92  7  8  5 18 55 91 60 76 70 74 50 66 89 32 91 98 12 59 39  9 88 61 38 31 80  2 91  6 18 55 79 36 96 71 89 98 98  8 89 73 42 66 23 11 62 93 67 79  7 48 96 66 43 86 22 67  3 51 51 12 27 15 93 82 89 26 76 46 39 90 98 35 14 96 70 28 50 29
 62 35 56 91 75 84 18 14 30 20 88 89 71 67 14 11 77 15 74 30 12 14 95 92 63 18 58 69 10 39 65 56 17 60 67 94 31 33 36 16 41  2 22 45 95 65  6 50 47  5 50 43 90 41 68 74 54 68 40 78 88 42  3 79 64 37 59  7 94 95  7  6 42 94 87 21 26 92 37 61 41 80 81  2 82 55 64 88 51 81 46 60 69 47 35 20 77  4 66 33 66 97 32 22 82 21 80 48 86 98 61 23 73 25 48 93 29  7 67 86 95 12 18 67 11 74 46 23
 84 48 91 33 98 35  3 64 50 99 62 40 90 83 73 65 62  2 52  3 47 56 96 44 64 93 22 45 28  1 95 76 99 28 69 64 22 70 10 80 67 87 53 61 82 53 53  8 97 54  6 97 70  7 40 29 50 37 94 45 69 69 83 79 26 69 23  3 61 24 60 31 58 89 56 74 14 31 38 64 60  1 98 65 66 15 60 32  3 65 87 23 62 32 26 63 32  1 72 73 48 22 39 59 76 93 93 66 18 93 10 96 17  5 46 99 47 78 21 97 65 88 65  8 86 68 70 91
 76 25 28  1 49 99 81 76  2 68 60 32 34  8 72 85 62 54  9 80 76 12 54  7 10 80 62 60  7 28 13 33 33 52 59 63 38 38 92 53 58 89 17  6 16 35  2 93 81 80 84 37 48 99 43 15 52  3 15 12 28 60 42 44 82 22 15 10 44 88 14  4 71 15 33 28 23 98 78 39 37 67 78 51 68 67 72 52 55 73 85  7 21 93 99 98 49 61 96 69 35 64 27 91  3 68 95 54 95 89 95 45 32  1 66 68 68 96 84 26  8 36 99 31 52 86 62  5
 34  4 48 32 53 50 38 97 53  6 95 46  8  5 28 25 18 64 83  4 73 70 38 46 67 89 26 36 11 84 84 42 36 93 93 42 58 84 12 10 72 49 85 71 43 96 82  5 42 87 73 93 18  2 52  2  8 37  9 46 19 18 31 25 44 48 79 52 19 35 33  4  8 71 89 29 36 47 45 25 88 31 51 51 58 97 34 84 41 68 30 64 17 75  4 50 65 13 76 44 74 52 83 86 89 55 99 44 61 72 69 90 29 94 19  5 15 38 58 71 93 62 34 31 87 54 47 44
 73 16 15 39 12 94 65 99 50 82 66 10 43 53 93 17 42 64 56 82 46 27 54 46 56 63  5 49 52 87  9  9 23 45 82 41 91 75 75 27  5 68 59 32 54 70 92 80 60 95 68 56 86 56 21 12 59 59 98 41 88 89 90 52 77  4 89 74 85 99  2 90 29 76 88 45 32 38 57  3 82 40 25 19 20 48 92 93 58 28 22 64 76 23 80 42 87 16 99 34 68  8 92 35 51  1 71 13 14 88 64 30 35 55 20 80 38 26 33 33 52 62  9 76 87 35 82 72
 92 25 52 25 54 76 93 22 53 20 41  7 97 26 99 44 79 66 77 93 31 22 27  9 87 63 39 18 30 45 23 22 81 42 77 52 85 92 64 63 39  4  6 51 16 51 17 19 83 76 23 83  6 60 25 94 74 20 38 47 45 74 54 16 65 95 98 90 22 56 10 79 11 35 36 31 47 46 21 93 49 86 79  6 68 16 58 20 12 93 53 84 83 12 73 15 14 44 75 92 38 69 15 65 53 75 29 11  5 79 17 77 42  9 41 72  8 27 11 67 14 45  6  8 80 67 57 18
 37 82 38 61 84  2 99 14 39 49 48 87 14 21 69 20 60 58 41  5 64 26 16 13  1 66 67 43 16 85 27 76 69 64 65 87 17 58 76 86 53 95  1 74 97 59  5 24 99 87  5 34  7 33 81 25 84 43 11 29 17 69 91 55 47 51 77 44 81 43 27 89 95 41 17 79 43 24 51  7 50 87 96 13  2 30 37 47  7 77 65 65 21 71 72 16 16 66 51 25  8 66 42 89 87 53 12 95 83 90  8 31 58 74 86 37 45 14 28 75 83 28 56 18 31 95 54 37
 48 11 33 26 28 38  5 42 38 16 12 26 25 37 58 61 73 52 10 95 61 62 70 67 76 72 15 91 78 11  7  4 20 76 46 51 35 93 47 21 84 46 71 96 54  1 91 86 91 24 96  4 14 34 29 60  7 90 10 27 42 95 77 22 87 39  9 15 88 99 29 66 71 48 19 20 37 42 20 44 49 42 23 85 33 41 50 73 21 71 58 13 47 59 62  5 47  9 94 16 73 18  7 57 48 30 49 25 67 60 28 24 72 91  4 26 71 10 85 56 74  1 36 99 67  9 20 70
 88 13 90 21 53 58 88 66 41 27 82 34 72 48 30 82 97  1 36 58 38 55 18 98 83 34 38 19  6 24 70 66 92 30  8 41 73 11 27 86  7 19 68 94 82 33 39 68 12 18 16 42  7 89 49  4 87 98 12 35 17 95 18 46 57 80 78 70 68 36 86 15 94 44 57 82 17 75 62 44 81 80  1 91 31  2 78 27 60 53 93 84 44 68  2 30 57 35 72 99 72 68 60 85 47 20 89  1 69 77  3 10 86 70 22 88 54 78 50 11 88 36 50 64 17 91  8 30
 37  6 96 59 33 18 78 23 76 26 14 73 88 87 94 23 34  9 96 33 53 51 49 24 44  7 95 51 23 36 80 31 92 18 84 57 73 95 95 67 81 55 96 35 18 45 30 22 29 93 79 13 76 66 81 55 54  7  4  3 73 50 41 16 63 12 71 13 87 91 35 69 14 25 46 49 68 34 33 46 68 80 21 12 75 69 79 32 85 79 65 16 49 74 58 15 30  5 98 34  1 35 66 92 62 12 64  3 95 50 12 11 89 25 65 65 47 61 93 12 14 69 59 74 35 83 12 87
 25  6 28 67 63 12 39 32  2 59 87 71 17 42 62 51 73 47 65  8 27  5 17 16 41 54 35 68 44 75 11 39 29 25 76 26 65 93 79 78 35 39 93  1 72 59 97 93 49 88 36 31 74 57 50 53 81 97  9 13 15 41  7 55 61 82 21 77 96 70 83 24 51 35 19 69 87 55 61  3 17 60 11 69 13 35 26 59 36 76 23 30 73 79 98 57 21 40 87 72 56 78 82  2 86 54 40 81 69 33 50 92 70  8 67 99 65 53 48 70 53 54  3 76 96 43 74  2
 68 87 29 62 12 65 34 99 84 78 11 39 92 89  3 34 22 71 82 88  4  8 67 95 17  4 37 56 38  5 32 71 87 64 69  8 24 62 44 67  9 96  2 17  2 91 73 34 62 79 46 71 41 89 39 99 35 25 41 60 68 76 44 92 40 23 86 99 77 78 68 55 57 45 46 49 65 36 86 90 36 82  3 70 66 13 12 11 92 89 39 24 81 93 98 42 64 36 44  4  2 13 57 84 96 76 86 75  1 75 21 88 78 69 11 65 80 14 45 60 46 59 33 49 51 87 27 86
  5 10 73  6 80 33 63 82 41 80 20 27 46 96 39 82 96 96 96 42 34 70 27 18 38  3 54  9 66 28 73 29 43 60 81  8 26 22 83 75 90 71 77 20 72 25 32 67 22 13 97  4 17 25 38 73 77 50 34 65 29 52 97 50 73 83 29 14 35 21 92  1 97 42 39 65 90 78 58 73 68 65 77 24 92 81 66 86 62 91 32 33 19  3 34  3 71  1 33 37 95 36  7 68 96 86 60 64 95 36 61 50 66 89 16 17 15 74 21 46 99 60 78 84  8 35 75 42
 32 25 72 32 21 19 44 16 13 44 23 15 19 25 19 68 36 40 96 32 43 50 17 42 34 39 79 25 57 40 55 25 89  8 61 10 66 21 20 57 41 82 30 72 60 14 87 97 54 11 96 33 82 22 71  2 75 55 23 28 83 61 27 65 19 37 87 62 82 43 20 10  2  3 40 65 30 45  9 54 59 68 55 73 48 44 72 30 90 95 44 13 60 83 98 88  8  2 52 15 26 76 37 35 12 91 70 91  3 63  6 35 39 42 40 94 67  1 51 86 91 55 49 44 34  8 18 19
  9 69 36 87 95 67 82 14  6 29 90 58 17 51 46 88 46 78 55 84 60 57 26 89 81 42 85 78  9 26 39 30 62 70 43 80 67 16 19 62 73  3 76 22  6 56 77  9 51  6 57 46 74 16 91  2 28 65 26  9 52 79 36 13 88 12 65 42 29 46 89 66 91 27 22 22 46 84 37 35 63 88 71 95  3 84 20 43 60 48 14  4 87 62 68 28 98  8 32  4  1 45 59 12 54 15  3 94 42 98 72 70 77 74 18 69 20 91 47 19 13 61 94  4 39 52 56  7
 10 55 34 60 81 91 67  4 44 58 20  4 30 14 76 82 48 14 35 58 81 81 86 68 23 18 72 24  3 12 65 35 33 59 92 35 96 41 15  3 63 30 63 74 80 16 46 71 38 79 71 43 42 60 59 41  6  7 55 65 90 25 48 73 45  4 69 37 67 84 34  6  9  4 30 34 48 95 42 62 30 39 16 22 85 57 94 23 51 92 28 36 64 28 85 20 73 67 85 43 11 11 17 36 10 21 96 66 23 75 97 52 22 43 65  6 13 82 24 21 17 38  7 66 44 77 59 22
 18 87 91 49 36 25 31 31  7 48 43 48 42 22 36  1  1 13 20 58 32 58 90 25 26 37 13 84 30 47 49 20 46 18 83 69 30 78  9 23 49 30 93 91 20 29 39 43 50 69 21 96 90 86 10 86 95 64 16 21 99 22 24 21 50 27  4 41 19 78 65 28 10 53 85  4 84 31 24 75 11 38 22 80 58 25 51 51 30 89 94  9 11 52 13 30 30 31 76  1 20  9 43 77 80 76 77 18 44 20 13  8 71 90 93 95 94 46 79 24 64 42 32 38 54 22  5 44
 54 22 80 98 95 57 67 56 31 29 49 55 27 42 49 19 26 58 77 13 50 39 14 29 12 73 77 18 75 18  9 85 22 21 12 20 85 52 17 32 96  4 81 95 53 17 62 64 80 60 73 35 16 51 29 53 92  2  9 21 79  2 43 35 74 98 96 56 88 84 33 81 37 98 11 83 34 85 20 18 39 96 53 37 42 10 49 59 88 88  7 39 21 88 64 11 23 91 64 66 99 87 54  7 79  4 64 12 63 67 25 20 48 19 38  9 70  7 99  7 91 61 56 61 50 29 74 27
 97 34 45 45 89 61 91 90 70 32 51 50 57 51 35  2  9 68 25 15 48 59 29 54  8 45 91 42 54 87 96 63 56 26 14 25 62 47 43 23 39 37 86 80 98  2 62 30 42 39 55 45 59 54 22 44 12 29 22 21 99 45 55 36 64 70 99 56 22 37 92 73 30 71 40 67 95 37 96 79 52 30 23 95 36 61 95 19 90 60 95 80 20 87 73 28 62 88 18 19 45 79 35 67 62 74 37  8  3 74 38 56 53 64  5 33 19 98 15 19 72 40 47 77 53 32 50 89
 29 47 19 65 53 94 44 19 42 48 19 94 61 75 52 64 78 12 97 18 75  1  2 77 44 92 38 44 88 20 94 30 64 45 12 68 33 32 95 36 38 77 30 99 52 98 39 42 46 64 21 55 11 71 48 86  1 46 42  9 81 94 46 80 10 36 12 71 76 14 49 93 87 96 49 96 24 77 27 32 39 22 96 23 30 28 29 16 67  9 37 66 61  9 83 57 26 83 83  5 18 62 42 13 65 96 82 83 53 61 35 93 76 86 26 49 64 42 53 45 58 62 76 20 50 45  5 23
 68 24 73 64 73 39 93 72 68 28 51  8 21 93 23 34 11 24 68 25 55 13 94 25 84 25 86 80 35 34  3 58 94 20 45 88 54 15 85 34 77 17 22 53 40  7 76 19 80 26 46 16 60 72 66 98 66 17  5 33 54 38 33 79 92 20 32 52 20 94 54  5 76 42 21  1 97 15 95 80  9 82 66 11 74 38 74 87 41 14 71 99 43 58 28 65 76 66 83 19 43 94  2 14 49 16 20 79 92 35 20 34 25 23 88 37 92 59 46 54  8 58 59 14 53 61 92 14
 88 95 71  6 61 48 86 14 47 68 36 41 19 98 39 19  2 85 93 87 32 51 70 68 32 66 75 92  3 63 36  2  5  7 79 43 94 94 98 41 61  6 76 91 41 93 78 71  1 35 52  2 56 51 85  5  1 16 94 43  9 47 20 12 25 37 88  2 63 71 47 68 61 42 22 33 28 56 63 20 39 48 83 63  3 69 36 27  6 67 90 51 67 24 37 37 88 12 38 75 10 45 24 54 15 38 49 93 18 63 46 20 84 63 53 57 66 73 64 90 82 26 75 98 91 34 73 42
  9 50 18 27 81  5 17  8  5 42 66 90 27 85 44 77 71 70  7 98 90  5 57 97 55 12 66 99 34 83 17 63 14 73 10 91  5 98 71  4  3 92 90 70 20 29 22 35 84 81 14 10 17 61 63 61 22 16 72 81 10 83 21 46 97 72  1  7 10 66 15  8 51 47 27 19 11 51 72  4 50 33 87 57 20 94 89 27  1  9 14 57  8 91 73 84 95 34  8 16  6 93 69  7 60 33  6 73 53 81 22 71 22 36 24 93 41 89 59 31  7 50  9 72 88 27 93 32
 10 88 97 56 33 65 59 90 42 51 30 46 37 84 97 84 13 77 43 10 93 73 51 25 66 38 32 95 82  7 52 34 79 13  8 64 63 39 94 65 69 26  6 41 56  9 90 62 56 98 32  7 17 58 67 40 92 50 45 89 80 27 74 12 46 65 33 96 73 77 54 53 19 95 11 47 19 74 53 64 38 92 24 85 80 94  7 60 92 57 65 76 75  3 63 42 61 71 38 44 43 66 20 61 12 28 29 61 14 66 88 81 42 66 87 22 71 25 50 87  4 46 47  6 63 82 14 71
  4 97 41  9 33 25 45 43 42 94 55 52  9 81 59 51  5 94 82 17 33 69 46 34  6 43 18 53 68  4 42  9 90 47 80 75 98 32 14 60 11 34 67 82 11 73 47 23 18 55 52 13 22 63 62 54  1 30 40 58 19 87 59 48 21 77 88 47 85 37 13 51 66 55 45 97 20 66 51 60 68 12 20 57  9 47 11 85  3 60 75 80 37 48 16 67 35 77 40 92 70 17 86 49 41 85 62 67 36 59 13 20 47 48 39 43 52 53 67 14 55  8  5 11 23 63 13  2
 80 43 32  7 28 17 85 35 63 11  9  4 67 96 31 11  7 54  7 29 29 22 77 67 30 70 69  2 60 13 55 30 48 11  5  7 37 71  8 90 31 91 30 75 53 39  5 42  4 19 40 79 64 79 72 86 97 60 45 63 76 31 81 11 98 99 92 59 97 60 22 69 77 94 58 42 85 97 81 66 57 23 26 63 10 43 74 40 73 95 54 66 50 81 45 41 56 16 40 18 94 88 14 81 78  3 16  7 35 32 72 10  6 61 50 97 81 45  7 92 70 49 76  5 50 57 73 81
 74 94  3 65 64  7 42 38 82 27 99 21 75 84 17 78 61 52 98 85 88 21 17 25 54 34 75 36 44 95 24  9 93 97 73 77 51 28 39  1 29 81 57 69 19 41 36  2 58  6  3 70 89 76 14 77 64 36 95 26  7 71 41  4 26 12 81 59 51 92 25  8 18  4 60 22 66 73 49 59 83 91 60  3 25 67 85 99 54 75 59 34 98 36 41 90 47 62 16 31 98 29 53 84 45 30 55 90 40 55 12 53 47 29 56 52 40 65 93 25 85 90 91  5 28 57 50 19
 12 55 37 45  4 12 49 57 61 66 76 21 10 52 15 98 19 44 95 36 69 88 28  9 55  4 55  4 18 74 98 75 39 25 34 57 62 67 35 94 73 57 61 96 21 60 34 71 32  1  8 52  3 21 70 66 23  7 80 73 37 40 72 38 34 39 43 89 51 26 93 26 37 89 69 69 19 77 45 84 71  5 60 83 73 25 84 21 11 19 37 37  1 79 55 97 71 16 46 13 33 43 85 10 69 23 65 83  2 25 94 64 71 65 84 26 12 10 16  9 94  1 22 13 49 87 50 75
 83 72 36 94 49 45 12 81 74  8 23 52 18 11 71 20 82 92 10 70 61 55 45 74 21 22 83 91 20 61 16  5 89 49 13 64 19 26 30 81  1 81  5 35 86 96 23 47 45 34 27 41 92 15 53 71 56  2 77 28 22 40 94 31 31 13 21  7 99 56 76 90 86 22 42 67 72 13 22 23 61 66  8 94 72 22 60 62  1 17 27  9 52 56 62  1 59 30 66 15 49 32 86 91 66 48 53 70 71 58 27 99 15 20 26 21 12 84 96 35 42 31 29 35 17 71 27 49
 67 45 86 44 26 54 16  5 58 51 71  8 54 22 87 51 15 68 13 69 91 16 40 63 27 15 10 28 63 96 18 70 63 34 61  6 42 61 32 51  6 26 30 57 14 52 35 75 51 87 36 47 36 43 70 89 73 64 23  8 20 39 72 85 57 34 94 82 14 83 58 91 26 61 50 48 52 61 74 21 94 28  3 52 80 65 60  3 34 80 43 19  1 50 54 68 11  1 37 62 50  5 21 33 36 85  3 61 65 17 49 51 94 48 15 74 44 98 30 19 43 20 68 74 86 11 47 37
 35 71  7 13 62  1 90  2 66 67 10 75  5 85  8 28 37  3 22 65 89 41  3 74 63 72 35 28 69  5 29 95 32 54 61 44 80  4 35 78 71 23 62 42 99  9 33 74 20 30 24 60 82  8 60 63 67 43 72 58 34 22 36 95 20 88 55 14 91 70 61 15 33 20 70 88 60 41 44 20 30 47 10 98 46 97 11 50 28 11 99 91 47 90 45 60 39  6 15 76 33 16 31 77 94 32 73 82 24 24 50 83 33 14 70 48 89  4 57 16  4 57 92 22 61 46 85 64
 18 35 34 35 17 40 49 68 34 35 50  4  3 52 83 77 41 45 38 94 90 73 96 98 16 24 91  9 55 22 83 38 92 42 51 56 28 42 64  9 29 76 37 62 83 86 11 90 90 11 33 18 81 74  6 40 67 26 38 12 98 74 86 51 88  1 36 41 49 58 85 66 29 54 10  5 39 45 16 71 24 36  5 95  5 28 93 45 51 64 86 83 80 32 86 90 44 78 20 13  8  7 64 97 34 68 59 77 63  8 26 27 84 25 80 58 57 67 53 92 87 52 70 71 54 72 85 63
 87 64 42 98  9 85 55 13  8  2 21 23 40 18 83 72 31 93 60 62 45 32 91 83 22 54 90  7 22 35 72 98 29 88 11 55 90 90 70 49 40 19 66 82 33 62 98 30 68 68 26 36 77 89 73  1 22 61 13 36 47 78 97 76 34 51 57 10 81 35 13 18 97 77  6  5 21  2 60 75  4 16  2 17 79 57 42 33 58 31 77 96 63 49 64 82 26 84 89 79 36 44 62 85 90 28 62 44 97 79 98 28  4 89 50 32 11  6 52 16 38 41  3 52 44 81 81 38
  6 70  1 90 90 33 25 82 53 99 28 98 67 67 66 22 94 58 37 37 89 27 56 35 72 98 38 70 92 17 76 94 36 27 26 58 38 82 57 25  5 92 89 62 61 43  1 55 82 99 41 38 20 73 96 45 89 87 55 91 13 23 69 92 49 95 37 30 60 90 12 91 61 76 42 29 47 39 58  1 14  5 44 11 87 44 12 41 87 54 60 78  1 76 51 74 27 42 19 45 57 13 77 87 39 39  5 93  3 83 53 20 34 46 89 14 40 24 89 97 54 72 73 97 91 44 80 71
 62 14 94  1 60 92 51 23 39 53  8 59 49  7 64 63 40 41 32 72 33 54 29 13 44 95 31 92 72 77 45 22 22 79 39 90 49 69 37 40 90 84 42 42 65 11 33 16 69 96 74 95 94 69 53 79 38 74 20 61 26 97 55 45 40 65 39 56 51 92 17 46 86 30 73 24 70 31  2 61 53 90  3 38 89 51 65 14 77  8 16 58 79 11 13  8 94  6 75 29 78 16 59 51 45 10 21 12 45 13 12 52 88 86 74 61 14 25  1 73 44 20 82 86 25 30 74 72
 52 74 77 73 93 55 81 25 97 42 46 98 80 67 51 84 36 75 58 87 54 77  7 83 37 31 85 60 84 59 50 52 33 96 89 82 29 56 80 91  9  6 14 65 81 29 54 82 83 97 44 21  3 64 55 57 91 40 36 34 44 62 60  8 60 92 24  2 66 62 95 12 68 15 42 77 25 51 99  2 14 72 25 29 38 48 12 71 27 69 14  7 85 45 96 18 48 33 90  3 56 65 49 22 11 48 64 23  6 74  3  3 75  3 23 18 72 44 26 73 85  7 59 34 48 79 33 53
  1 28 67 55 66 89 60 25 59 62 81 26 96 41 68 70 49 99 32 68 18 91 81 66 27 99 80 70 47 90 48 20 55 56 73 52 49 94 56 83 89 19 93 56 59 12 21 43 87 86 24 20  8 93 11 40  6 67 42 16 45 92 58 93 85 75 40 12 60  9 61 71 33 60 75 22 83 57 58 66 46 74 42 21 91 53 45 49 35 50 75 77 44 19 53 88 92 97 24 64 60 18 24 23 60 88 14 17 87 34 31 61 35 70 42 47 59 63 65 64  9 30 50  5 59  4  7 58
 97 56 95 15 55 10  1 93 38 98 87 55 92 31  4  2 62 62 40 57 82 46 99 71 85 73 41 70 58 45 84 49 52 49 99 41 75 24 53 42 44 71 14 46 56 89  3 11 33 75 40  7 16 88 41 56 92 72 45 10 73 42 37 96 59 96 48 70 50 95 88 95  8 27 54  5 67 91 29 46 50 49 34  2 50 27  8 73 54 84 13 21 79 78 95 11 97 94 96 77 88  6 20 95 96 70 39 80 50 91 12  9 86 57  6 64 91 98 43  1 10 51 40 47 95 67 14 49
 84 29 53 50 64 69  5 37 74 11 13 36 57 19 91 70 89 28 73 77 26 65 14 74 17 90 28 95 46 78 30 64 42 85 95 79 73 41 37 60 12 52 20 38 87 95 84 75 91 52 60 85 31 38 93 38 77 75  8 39 50 79 47 34 59 50  8 12 46 98 94 65 36 34 16 69 56 57 57 97 27 56 68 55 40 54 58 85 49 23 46 20 25 68 92 59 68 45 46 60 68 66 63 82 24 62 45 46 33 52 89 27  7 28 34 87 11 74 39 53 90 28 51 59 33 59 40 30
 12 46 41 71 46 96 20 30 52 71 82 20 34 47 14 63 42  7 28 14 21 93 81 38 18 79 17 93 34 48 42 21 77 32  5 49 79 88 18 86 55 53 80 90  7 43 19 47 99 18 27 17 62 92 53 73 15 10 98 49 16 15 88 75 43 12 59 47 65 64 74 33 47 20 88 13 23 85 89 99 69 69 67 55 17 47  8 81  5 74 55 54 34 33 79 82 51 17 79 80 48 33 96 73 82 41 71 92 25  2 38 95 83  5 96 62 30 87  4 34 20 60 20 29 35 54 36 70
 73 19 65 72 38 27 14 92 69 76  9 45 41  1 57 86 40 47 47 88 35 54 92  6 20 24 62 19 31 11 12 72  9 14 23  7 15  7 42 70 92 11 87 37 74 68 57 53 57 24 34 12 39 74 53 97 42 86 41 23  5 69 19 95 58 53 25 98  6 90 64 71 48 23 78 22 15 42 27 79 74 26 60 42 62 35 61 72  5 89 99 56 98  5 14 21 33 68 50 32 59 53 88  3 77 96 36 50 40  6 49 33 77 66 17 97  2 25 11 78  2 24 67 81 86  8 69 89
 18 41 35 47 24 94 98 86 98 74 13  1 90 26 99 84 62 49 68 85 42 89 66 97 40 35 39  4 79 69 97  2 84 27 18 47 18 30 40 69 88 16 98 47 55 54 53 17 49 47 90 86 21 29 10 80 20 58 36 67 86 23 77 87 89 23 99 88 73 24 36 60 94 45 43 16 72 68 22 65 99 70 98 68 70 91 65 63 89 39 56 97 69 76 37 84  5  8 23 25 59 58 47 49 44 48 14  8 13 38 51 72 47  7  7 28 56 69 66  4 68 51 13 17 92 70  6 50
 25  5 40 64 91 74 58 88 42  3  4 71 72 96 78 47 58  7 54 71 89 91 99 11 84 78 11 65 39 94 30 24 59 13 96 10  1 84 44 65 52 57 85 88 48 82 55 31 37 80 11 49 65 43 58 22 89 14 65 53 51 27 56 80 45 41  3 87 16 81 26 66 69 64 68 20 88 52 98 17 58 99 60 77 11 80 43 95 86 10  8  4 61 24 43 87 91 75 50 17 90 76 66 14 14 52 91 92 60 19  7 28 60 35 31 85 43 15 94  2 17 81 57  1  8  6  5 41
 14 87 23 57 42 72 31 22 95 60 12 21 17 92 20 24 61  7 45 96 22 44 92 34 57 19 91 78 33 48 27 40  4 85 32 13 89 72 49 38 10 45 42 46 75 88 22 81 35 19 71 94 31 76 62 60 25 60 82 79  7 24 33 38 27 34 55 46 14 88 51 85  7 88 58 60 76 15 93 32  2 99 91 59 53 60 26 76 67 79 20 56 60 32 26 23 21 12 14 15 76 88 67  5 78 62  7 20 93 44 12 18  5 36 18 48 58 33 70 63 52 60 43 92 45 59 84 35
 34 45 48 15 36 30 55 85 23 63 72 22 84 20 71 41 17 98 53 77 15 12 25 29 14 70 65 72 43 96 65 79 85 64 65 32 24 11 87 74 80 86 80 36 71 35 83 31 28 12 14 75 30 34 22 90 17 57 81 79 70 97 25 31 47 39 31 53 26 78 34 54 71 28 98 84 31  9 38 42 49 42 24 65 76 61 20 75 80 72 40  2 26 66 74 88 33 47 48 31 82  2 76 97 45 62 56 86 56 67 60 80 74 81  9 81 70 77 84  4 29 51 29 85 21 97 30 12
  2 29 84 67 34  4 87 54 83 24 83 23 84  6 74 35 34 83 89 61 10 11 55 20 11 69 53 39 53 92 95 76 29 55 66 24 64  6 75 40 14 65 18 36 49  7 77 24 95 83 85 70 65 60 70 36 93 37 60 96  8 22 59 20 18 49 84 85 23 88 67 32 14 96 27 81 55 54 34 12 54 45 17 87 68 55 48 46 11 48 43 90 28 78 66  4 91 87 66 49 79 60 84 57 59 73 88 66 38 31  6 95 58 39 24 97  3 22 93 93 37 54 17 35 13 71 29 74
 92 59 84 34 45 16  6 40 61  9 91 37 79 96 90 56 85 37 34  4 27 79 84 22 22  1 62  9 25 67 38 89 79 93 80 86 89 80 12 95 64 44  7 58 55 26  4 91 35 30 53 79 37  7 88 62 45 29 91 24 43 86 10 77 62 83 41 26 93 62  1 13 11 21 98  5 63 94 44 55 37 30 86 78 25  2 78 14 15 62 97 60 51  2 97 30 46  4 86 71 29 54 33 55 30 73 46 10  5 95 49 23 50 34 93 22 73 11 50 70 47 78 33 37 59 71 11 53
 53 77 26 43 69 55 57  1 72 52 93 75 67 49 13  9 35 64 34 50 39 88 56 44 22 79 27 83 88 41 88 65 91  1 37  8  6 18 17 44 60 86 26 28 45 97 90 65 55 91  5 29 64 41 31 12 63 53 58 26 45 59 99 60 50 80 43 48 51 63 64 72 67 56 57 24 49 23 35 72 22  3 85 38 90 60 97 88 12 48 62 94 26 99 33 51 38 32 38 41 91 25 75 44 94 97 47 58 27 60  8 93 19 26 65  8 78 97 31 35 49 31 35 20 14 67 17 14
  1 60  8 37 54 76 11 47 83 98 79 65 94 55 57 91 66 38 75 30  9 57 62 38 28 76 47 98 78 88 64 36 36 58 79  3 48 56 53 72 25 45 26 97 16 26 10 29 41 62 31 33 21 44 76 42 45 90  2 18 27 68 64 83 46 26 96 66 35 66 39 18 18 88 78 48 84 43 33 98 21 79 78 28 67 26  2 13 26 26 74 10 17 22 35 40 13 79 57 97 38 61 74  8 24 18 33 52 54  2 58 96 72 16  6 38 35 13 34 85 62 20 49 43 10 96 47 38
 76 26 39 51 72 36  6 93 20 76 41 46 87 75 58  3 68 41 79  7 68 74 46 70 81 36 39 97 28 18 89 55 88 56 38 51 26  7 32 59 10 29 49 92 52 27  1 22 36 98 49 36 85 77 22 23 54 66 82 31 89 27 21 17 79 80 70 32  6 19 34 41 83 24 98 45 90 65 48  5 26 37 60 51 53 13 95 90  7 15 51 17 75 16 75  9 70 75 47 34 97 40 96 44 92 73 85 62 35 14 85 56  6 29 97 21 15 11 26 86 30 61 52 78 28 71 85 26
 74 91 37 44 75 66 92 34 60 21 47 62 20 70  5 18 53 31 37 82 24 45 30 93 49 11 62 18 15 21  8 87 43  5 13 85 47 60 52 93  7 94 17 36 72  8 70 38 26 36 37 61 24 49 57 98 36 21 60  1  7 97 61 31 37 91 71 82 49 42 30 20 65 78 57 84 76 60  8 61  3 17 65 61 90 98 31 48 51 50 99 15 38  7 38 58 75 39 14 61 72 59 98  9 56 90 58 65 32  8 67  6 44 73 97 82 28 10 92 10 51 18 44 14 89 55 27 15
 83 44 14 78 42 12  8 69 61 24 54 62 63  2 40 79 12  8 29 79 48 51  6 98 14 16 90 19 73 28 42 15 24 95 41 25 97 71 25 52 78 61 65 26 90 97 73 58  8 72 53 60 58 71 78 33 21 76 49 23 53  5 13  6 68 41 42 36 20 23 86 75 68  2 56 28  2 36 44 97 45 55 95 84 45 13 67 84 96 67 96 15 78 45  5 66 64 38 38  3 45 97 90 46 38 40 76 47 20 28 15 99 39  6 19 68 73  6 79 65 41 38 59 12 85 32 13 28
 15 24 90 89 48 74 91 42 10 63 24 57 77 49 28 31 27 47 78 23 31 25 92 50 90 76 38 77 96 44 13 46 47 26 16 33 93 64 31 99 87  3 20 45 45  4  2 35 18 60 90 76 61 49 23 59 57 44 24 73 55 36 74 64 26 57 86 42  7 25 24 16 41 63  8 64 39 48 46 53 52 56 42 98 26 20 95 20 92 53 35 15 74 59 58 20 24 46 23 97 91 35 22 98 53 39 69  7 23 21 74 93  9 87  8 31 98 84 99 40 16 14 80 10 12 84  8 31
 53 41 82 79 21 62 66 89 72 50 10  8 87 97 35 21 53 88 94 42 35 45  6 61 16  1 36 44 52 17  7 49  8 88 71 62 27 98 49 77 26 71 14 40 42  2 72 31 26 14 73 66 93 15 98 79 31 47 87 80 73 51 49 62 67 70 58  9  5 37 43 90 57 25 33  6 24 94 37 46 38 71 96 45 97 37 99 79 95 67 89 70 25 38 65 37 51 42  4  9 72 89 40 66 71 50 51  8 63 12  7 64 97  7 13  9 88 96 27 95 62 36 74 19 86 33 22 23
 81 51  5 73 28 52 65  1 95 24 56 93 79 59 97  3 97 44  8 95 83 23 63 92 75 60 68 13 19 52 60 16  4 34 52 54 14 27 84 54 23 96 58 51 25 20 68 17 53 86 76 86 34 77 85 55 37 99 52 49 37 38 39 76 48 41 98 69 54 49 54  3 27 88 99 93 67 62 43  7 38 40 72 96 24 56 32 70 70 52 20 82 17 79 70 26 34 44 13 17 31 67 57 82 65 90 34 58 33 41  3 55 60 27 86 93 61 68 14 66 11 73 49 73 53 55 76 16
 26 30 79 74 10 78  6 71 94 46 48 94 12 78 68 95 47 50 60 16 81 30 44 44  7 34 67 38  7 81 56 24 19 57 19 57 76 53  4 97 48  8 50 19 83 45 41 90 65 52 45 51 75  7 68 97 52 78 68 47 15 96 63 36 59 54 60 33 14 57 42 12 27 66 16 53 90 14 97 28 18 36 63 55 59 72 34 88 36 26 84 20  7 28 96 26 26 20 74 81 89 39 67 78 55 80 39 10 26 43 76 86 24 58 73 10 21 36 84 51 33 33 55 89 32 87 51 62
 14 55  6  8 11 62  4 79 58 95 55 99 64 55  9  2 83 91 80 81 41 87 76 68 87 43  4  7 92 98 79 51 95  5 92  8 64 41 32 80 44 61 83 88  8 12 67 73 33 99 25 16 78  4 49 18 28 62 86 69 90 56 76 15 39 38 83 77 77 67 72 50  6 71 49 83 49 84 76 33 12 25 96 39 59 22 37 70 51 20 85 20 86  1 49 12 16 96 57 22 80 25 71 26 18 62 92  9  2 34 59 34 25 31 49 35 75 22 23 14 61 83 42 37 23 15 77 63
 98 47 56 22 53 81  7 60 82 54 74 39 74  9 98 19 25  7 62  6 36 41 98 16 14 27 89 43 63 50 49  1 85 87 33 23 15  6 11 29 36 88 71 22 37 95 47 63 46 16  9 37 96 88 50 58  4 66 16  4 73 61 13 99 53 31 71 39 23 14 21 39 23 92 66 77 38 27 55 34 47 92 86 66 89  4 19 65 48  6 20 72 39 13 99 98 49 64 33  8 61 33 26 72 74 89 38 16 74 49 13 86 52 61  5  3 43 47 17 48 44 67 61 70 18 22 50 75
 48 88 85 36 28 40 12 67 73 95 42 46 48 27 15 88 36 19 84 65 89 76  8 19 51 64 47 15 54 89 70  9 11 21 21 60 62 52 25 69 75 14 25 82 10 66 56 31 88 13 17 80 66 22 61 29 93 97 26 75  8 35 67 53 76 55 89 11 44 39 39 37 81 68 23 13 60 10 74 37 12 62 18  5 78 96 25 74 83 53 89 93 44 38 23 29 91 11 87 39 10 32 51 74 82 25 63 64 83 36 47 53 99 91 81 55 91 19 82 49 57 88 65 11 63 98 80 52
 32 56 27 72 42 29 67 53 50 59 56 34 34 12 63 37 49 43  1 63 58 68 59 38 57 36 18 63 74 76 82 57 84 35 36 77 16 10  2 40 98 14 86 88 34 47 63 67 47 86 29 69 23 59 29 70  2 10 31 72 45 39 71 74 16 35 51 31 70 82 66 95 18 22 80 47 60 50 71 82 84 18 90 46 40 40 86 50 37  4 28  3 15 73 75 75 71 95 58 21 38 83 74 84 44 17 49 42 73 20 19 84 19 91 32 27 95 67 90  4  7 18 93 72 82 11 34 77
 98 60 69 22 62 38 72 92 19 47 22 40 30 26 20 13 22 97 79 33 13  1 33 65 97 38 27 75 78 50 91 61 77 37 20 51  7 44 73 59 53 96  8 12 54 92 11 77 13 49 39 10 34 50 47 48 70 55 32 19 60 12 38  8 16 36 70 48 37 83  8 24 50  9 20 26 52 12 56 11 16 24 14 99 41  2  3 16 44  9 40 83 87 33 46 53  5 42 39 12 21 72 66 86  9 96  2 13 72 51 75 49  2 98 39 81 86 97 65 92 32  8 56 77 17 82 27  1
 26 85 42 98 42 21 32 71 65 31 13 73 94 80 94 38 69 48 70 60 43 27 78 20 23  4 77 13 34 31 15 13 36 88 61 46 12 69 24 26 50  4 13 83 20 47 40 72 90 28 63 64 57 18 31 28 15 78 13 74 25 67 74 87 57 59  7 34  8 73 97 40 19  6 38 65 38 92 96 15 32 92 13 37 29 37 59 72 62 86 43 24 51 72 96 79 45 55 66  7 41 65 79 36 26 47 72 69 72 39  8 42 64 21 37 93 60 64 86 73 11 39 37 70  1 65 57 72
 13 74  2 23 55 63 59 77 71 87 76 95  8 69 93 16  7 39 66 41 17 31 40 43 98 60 91 91 86 89 79 79 59 42  3 82 64 82 38 58 35 68 58 78 52 42 43 84 94 69 10 41 15 69 23 48 18 58  5 46 11 13 72 67 94 52 65 60  1 16 43  4  4 74  8 50  5 94 50 31 83 47 71 35  4 13 93 10 39 12 22 61 59 75 15 98 17 25 63 48  7 76 19 26 17 81 31 68 71 46 59 16 52 10 34 78 74 17 40  2 58 63  7 18 42 64 12 73
 66 84 96 48 77 19 87 94 69 23 77 77 36 48 55 83 57 41 60 57 74 51 40  7 77  9 56 20 87 80 94 23 37 50 90 98 78 31 64 21 91 59 12 30 18 35 48  4  7 35 15 90 89 90 57 47 49 55 50 72 51 52 11 50 31 84 68 70 98 39 30 77 78 15 59 97 62 34 90 25 97 39 63  6 63 58 42 11 63 25 78  5 10 16 91 46 51 71 49 88 34 38 70 53 16 61 21 56 97 28 56 50 24 49 74 69 18 19 20 96 67 45 23 26 93 62 35 64
 48 87 75 53 92 29 59 15 50 87 65 52 31 21  7 41 83 28 30  3 74  3 68 23 73 44 75  6 71 98 80 71 87 79 54  2 94 43 94 54 32 74 85 40 16 85 80 21 87 63 49 34 72 14 44 78 15 76 99 46 91  1 83 54  4 61 27 96 81 87 80 98 87 41 42 83 54  5 69 30 94  5 98 77 61 95 13 29 14 84  9 74 14  8 84  9 63 62 26 15 41 12 89 47 21 41  5 50 12 73 28 29 42 69 99 96 10 85 63  6 25 60 85 83 84 91 18 52
  6 59 35 55 92 96 77 53 98 63 90 37 50  5 35 31 15 46 31 57 33 29 97 74 18 19 28 98 98 81 76 84 85 32 16 82 53 38 86 44 51 87 24 64 86  5  1 24 31 54 69 76 36 61 45 32 43 31  2 99 39  6 75 73 29 65 17 55  1 92 21 91 15 49 42 18 64  8  5 17 36 79 25  6 85 29 16 50 60 64 45 22 38  1 54 49 72 71 64 73  4 97 24 69 44 41 13 54 92 83 46 20 34 70 63 75 97 49 31 32 64 85 54 99 38 36 10 38
 41 14 38 81 48 75 30 42 80 37 41 37 73 91 49  4 39 96 55 14 83 52 82 41  1 88 70 36 56 34 44 25 59 62 79 75 81 43  7 31 43  7 98 59 44 82  3  7 67 23 59 88 93 70 66 58  8 38 11 57 93 83 79 89 47 37 56 60 90 19 77 78 15  7 49  8 16 67 64 95  5 77 83 20 54 52 52 75 89 91 91 11 86  4 15 37 86 33  1 23 16 30 37 97  6 52 43 28 77 70 60 39 82 76 64 73 26  7 75 22 24 96 97 23  8 12 28 86
 96 62 37 69 77 87 90 38 98 11 53 40 60 17 66 26 15 84 60 18 56 25  5 30 26 77 34 74 99 47 57 11 16 70 11 88 13 34 39 95 65  6 32 97 74 60 78 48 20 61 88 47 36 41 91 17 24 16  1 11 11 45 31  4 51 80 53 98 61 46 95 19 37 11 97 15 76 54 20 27 22 51  9  9 59 60 39 35  9 41 71 74  6 33 83  4 25 51 11 33 98 22 52 15 41 13 82 31 95 33 35 38 12 25  2 64 32 43 97 30 79 73 79 86 45 38 94 11
 28 54 61 56  9 20 64 87  6 33 69 47  5  5 31 45  5 81 72 47 18 49 52 77 12 74 49  4 96 88 97 58 33 50 23 80 56  3 92 19 87 61 22 48 13 19 52 10 11  4 84 93 42 75 33 88 34 14 84 31 71 86 95 72  1 83  4 29 35 88 70 18 46 79  3 69 44 92 46 58 40 91 43 65 68 88 80 84 66 83 98 68 31 50 69 60 34 54 58 56  5 46 61 10 29 95 77 71 10 70  8 84 16 55 95 63 41 53 77 95 87 44 60  8 14 45 49 73
 38 69 70 34 82 91 56 62 54 73 51 63 37 61 16 44 49 82 93 55 41  2 44 92 71  5 55 56 37 68  3 66 61 69 53 17  2 52 63 97 38 89 59 12 60 35 28 31 58 48  2 63 55 15 27 83 10 87 81 89 20 23 50 56 94 38 83 13 54 38 32 10 92 85 40 68 38 74 47 75 40 51 32 73 63 12 29 58 42 47 80 69 35 27 79 18 32 91 23 92 59 85 93 46 80 66  2 34 78 77 61 44  7 29 80 11 61 92 65 21 74 69 70 98 83 85 98  5
 94 57 52 88  1 68 96 27 63 52 84 58  9 73  7 27 72 74 86 26 84 61 16 20 10 38 33 60 53 78 64 72 97 45 59  9 85 26  3 89 80 44 11 59 79 21 12 27 39 64 75 15 17 10 32  7 29 76 20 53 74 73 40 78 43 85 64 51 40 27 71 41 64 94 92 27 29 75 59 48 49 46  5 38 58 91 21 32 84 92  2 42 48 43 48 55 66 24 66  2 80 86 59 88 15 55 45 45 63 51 98 64  9  9 26 94  7 81 79  9 24 12 41 22 65 86 88 35
 21 29 35 69 19 62 98 15 26 42 17 62 42 13 59 27 28 92 25  2 41 72 36 45 92 61 16 71 65 59 23 12 35  9 27 88 41  7 19 90 89 25 10 18 29 61 89 56 97 86 96 98 93 47 90 82 78 84 99 43 76 80 34 83 97 28 23 97 96  2  4 38 80 86 16  2 25 30  7 86 51 67 88 14 16 96 98 84 84 75 73 22 97 50  9 13 35 13 74  4  9 68 45  5 75 98 56 83 60 86 87 36 75 49 35 84  8 81 72 81 67 94 45 99 44 84 22 18
  4 41 66 19 88  2 90 15  2 21 16 29 38 49 51 11  6 60 95 62  4 85 35 27  4 14 14 87 60 21 86 46 60 74  6 80 85 71  2 52 93 78 71 31  4 56 36 74 91 32  3 12 38 29 65 60 40 55 67 27 42 82 63 68 83 76 18 44 57 97 95 94 72 83 15 20 53 96 22 83 99 16 82 96 48 42 58 59  5 49 31 33 22 98 60 13 69 44 99 95 84 41 51 37 16 64 76  6 42 32  8 91 58 51 17 76 31 57 20 73 25 60 21 87 29 17  7 77
 54 54 96 79  6 97  4 46 15 65 52 99 11 31 32 82 46 48 60 30 64 65 88 91 40 12 48  6 54 36 62 77 38 58 90  7 78 62 25 83 49  8 47 65 85 84 11 10 20  9 12 87 30 26 73 14 21  4 20 69 65 12 18 44 92 16 13  3 22 88 41 89 24 22 64 67 49 29 78  6 55 27 38 30 91 51 13  3 39 49 11 26 84 98 41 32 39 91 54 76  1 15 52 23 78  7 19 92 25 16 45 65 90  6 69  8 69 95 83 84 79 53 91 91 41 46 90 35
 96 98 93 35 53 76 67 44 68 23 40 38 56 11 14 46 52 10 41 55 53 89 43 79 70 68 46 60 28 68 62 17 67 32  3 84 61 55 30 55 85 82 20 70 22 86 83 86 63 50 12 89 71 54  2 21 93 29 29  3 98 57 38 55 77 56 48 39 25 82 78 44 10 88 29  1 93 82 96 17 95 97 46 17 25 66 46 87 49  1  2 62 48 60  1  4 47 58 27 29 94 40 44  7 29 98  1 76 80 15  4 86 69 37 33 81 18 57 81 35 75  2 89 66 48 50 27 76
 52 95 27 98 10 43 64 73 13 67 25 50 79 37 43 15 28 72 30  7 39 44 50 89 65 91 50 81 99 28 39 86 32 38 37 56 93 13 54 18 58 97 27 44 85 29 39 24 59 22 50  9 80 29 27 21 41  6 78 19 58  1 65 72 53 33 12  8 18 71 74 24  6  5 94  9 43 29 38 55 55 34 69 69 51 51 52 67 87 41 66 57 46 41 52 63 59 62 66 40 97  8 42 53 48 23 61 41 71 88 92 29 22 18 13 28 14 81  6 34 43 57 87 60 33 73 77 26
  1 26 64 21 68 33  3 75 18 44 46 88 45 34 35 68 15 25 62 32 66 50 77 34 47 18 35 96 24 90 53 62 35 28 24 12 45 38  9 47 49 28 18 35 95  5 16 86 33 19 85 58 26 93 89 39 30 50 65 49 94 57  7 60 82 92 21 33 84 96 94 75 75 51 27 92 33  1 80 15 59 96  5 79 15 85 50 87 40  9  5 40 41 15 70  5 98 77 58 97 40 95  2 36 52 83 28 94 34 32 25 58 58 34 92 63 54 30  4 64 25 12 16 88 36 66 60 73
 12 51 56 54 96  9 30 81 85 55 27 17 66 56 91 37 20 14 26 26 52 29 69 55 33 52 49 27 60 86  5 58 99 79 36 88 28  8 48  2 39 45  1 78 18 71 55 44 58 70 88 88 29 64 49 28 64 35 67 80 93 80 62 73 39 36 96 60 81 75 91 68 60 36 66 60 45 10 47 69 98 87 23 48 98 28 36 81 91 25  7 21 81 25 41 82  9 44 74 64 84 85 51 77 66 29 43 78 56 39 71 33 49  6 15  1 40 95 34 50 57 71 38 65 52 84 16 48
 92 22 26 76 19 20  7 76 96  6  6 86 80 65 47 80 70 39 75 47 16 25 35 61 11 51 18 15 14 77 80 74 40 47 79 93  3 32 88 70 32 74 69 90 70 49 88 31 85 23 78 91 83 51  6 77 75 52 37 23 99 57  3 12 24 61 43 71 22 24 44 67 14 11 30 49 67 56 62 36 41 15 25 88 99 12 30 84 74 21 38 92  4 92 21 30 61 97 18 29  8 50 65 68 41 58 81 57 53 96 36 10 86 34 98 81 99  7 48 99 75 82 19 68 20 12 39 31
 21 75 54 15 29 57 22 77 99 24 31 58 62  2 47 22 67 46 80 15 56 31 32 73 31 87 16  1 51 51 92  8  3  9 83 28 69 87 48 59 85  9 14 18 71 20  9 75  9 58 39 59 80  7 49 84 41 55 81 12 61 14 28 82 19 47 33  2 97 94 66 69  5 76 40 86 94 82 60 59 36 83 94 27 11 69 38 79 93 71 13 34 47 82 67 15 18  3 86 67 11 66 77 19 25 80 89 22 64 90 72 37 55 73 29 84 11 31 81 45 19 74 11 65 33 52 19 91
 70 95 36 17 52 62 42 24 94 86 18 72 54 53 53 30 96 49 92 33 12 51 48 74 78  3 26 29 51 61 50  5 81 33 41 42 73 51 86 70 97 93 16 67 85 92 82 60 14 64 48 99 79 64 10 83 42 76 58 11 19 83 21 79 80 16 31 57 29 19  1 12 93  4 20 74 32 51 42 96 20 60  8 54 88 73 84 23 76 66 81 65 66 86 23  6 95  3 11 77 46 38 48  8 38 77 25 44 61 84 12 84 44 72 77 83  6 31 39 66 41 72 88 19 74 53 96 28
 74 61 71 45 35 24  9 54  6 58 32 88 88 26 40 65 33 92  8 19 95 29  6 40 24  4 11 40 60 12 51 27 34 82 58 76 33 21 13 33 67 38  3 29 41 73 68 24 23 86 46 22  5 20 37 23  4 33 98 49 33  5 43 39 87 55 86 74 31 96 28 63  9 25 35 19 67 11 71 15 15 11 44 89 38 54 82 86 54 81 24 39 22 47 13 79 61 49 75 57 82 75 73 78 79 54 73 31 38 38 95 26 26  6 17  1 72 85 72 89 30 97  1 22 89 74 92 58
 22 70 20 56 18 32 76 22 38 24 15 76 77 12  8 64 63 94 51  9  5 75 10 59 72  8 56 14 16 54 61 33 35 61 25 32 12 29 63 91 68 58 54 28 49 29 43 74 75 49 12 70 17 11  8 41 22 11 10 81 90 73 45 22 61 58 57 67 28 46  1  2 82 77  7  1 56 56 89 74  2 18  7 62 41 16 82 44 58 57 67 77 96 51 81 27 36 27 79  7 29 47 84 93 48 14 84 28 42 48 63 53 75 29 28 13 56 82 89 50 85 19 42 58 78 89 30  3
 24 77 64 42 75 52 18 49 16 75  7 57 11 11 69  2 60 81 47 95 60 24 76 44  4 19 18 86 66 98 76 66 93 45 42 27 48 20 42 71 51 46 85 74 97 10 53 14 67  7 68 74 58  6  5 90 80 94 91 53 89 30 86 22 14 70  2 30 58 34 82  9 78  2 53 71 21 74 29  7 42 80 22 50 38 68 20 51 48 26 13  7 54 58 26 43 69 60 23 46 71 24 29 16 42 15  8 59 89 36 73 76 57 31 60 24 29 32  9 35 57 20 22 28 95 47 62 57
  5  1 21 39 61 39 69 25 76 85 84 41 19 74 62  9 70 10 45 15 30 50 41 74 83 12 88 10 84 50 89 73 73 24 79 93 98 79  8 55 69 80 76 98 92 63 50 16 65 63 58 99 19 50  6 89 68 86 95 61  7 10 48 46 38 25 54 87 97 88 93 45 32 72 57 13 59 63 32  4 62 72 43 67 36 40 57 94 98 70 72 77 87 90 80  9 11 63 40 52 65 91 33 91 84 52  5 27 64 57 99 70 75 77  1 15 86 92 83 48  6 93 75 53 27 74 71 73
 95 12 95 65 98 74 41 29 93  5 44 64 24 70 38 57 15 72 43 22 58 36 36 77 76 67  3 81 56 40 15  7 62  5 51 51 16 96 50  6 61 72 33 11  2 75 92 89 87 53 36 48 96 29 91  3 25 62 50 86 61  7 48 36  3 86 42 42 60 18 58 60 72 14 34 24  4 79 59 90 30 28  1 18 13 13 90 94 22 84  7 22 76 53 33 44 72 56 32  6 37  3 87 93 88 63 52 82 66 73 36 58 73 43 40 30 17 15 41 90 34 70 44 78 34 38 65 16
 23 79 15 57 21 57 90 71 29 37 96 96 62 11 12 85 57 41  4  8  8 68 29 16 57  3 19 82  5 96  2 12 18  9  8 78 13 69 19 97 43 24 36  8 34 71 19 39 51  3 33 44 77 40 45 20 90 76 82 70 53 81 44  3 76 30 76 89  7 38 91 37 35 35 11 73 92 87 70 29 45 68 30 64 19 46 49 28 98  7 69 36 35 24 92 46 43 26 52 77 33 65 70 55 99 89 92 76 16 81 91  6 24 69 84  8 29 99 31 40 43 56 32 43 62 52 51 10
  6 84 56 86 64 52 85 18 55 99 77  4 93 59 55 93 90 28 52 85 40 61 51 26 31 57 91 15 58 51 41 79 76 69 71 66 24 78 14 42 62 91 69 71 23 57 14 99 99 29 12 37 50 32 53 32 51 75 82 15 46 30 96 32 32 83  3 23 48 58 27  7 76 21 45 82 77 96 63 59 97  8 69 78 76 37 82 87 31 55 17 46 56 44 84 93 76 16 44 47 30 91 89 39 47 82 67 27 79 74 59 15 59 29 42 29 33 39 77 54 64 60 56 64 58 45 51 76
 54  2 67 96 78  1 87 66 24 88 72 93 42 46 38 13 64 55 91 96 94 85 55 29 52 73 69  4 57 69 92 40 70 43 41 40 96 30 22 11 95 84 30 31 26 55 91 91 10 72 61 78 46 78 50 32 72  8 98 76 95 74 47 70 84  3 35 75  8 68 39 92 98 78 28 36 90 19  1 14  1 40 17  7 75 78 40 29 85 41 74 40 41 82 39 29  2 26  3 20 39 73 55 96 56 55 72  2 96 35 17 15 87 38 13 53 90 51  9 83 80 92 85 72 65  9 83  7
 13 84 56 25 29 20 84 52 16 73 55 52 23 93 43 45 36 50 46 80 32 49 99 33 86 81 74  3 36 75 29 59 20 40 19 62 70 42 83 23  9 88 41 43 30 29 66 45 82 44 74 37 48 74 14 56 71 41  9 89 87 45 15 52 26 56 57 62 60 51 57  4 48 50 33 27 41 52 44 66 88 18 38 60 17 94 72 78 82 45 82 88 33 22 40 61 53 48 59 31 58 94  8 78 15 98 38 31 93 41 73 68 96 90 47 75 68 41 71 48 82 82 79 31 59 31 49 29
 15 15 63 55 26 48 38 22 22 45 46 50 76  3 41 54 93 36 75 33 63 77 51 23 65 83 39 27  3 54 35 23 98 53 51 27 75 58 53 30 84 68 57  3 75 49 60 32 32 78 14 96 28  3 95 16 14  4 23 82 25 14 38 53 66 74  3 60 37 81 31 63 73 54 94 89 74 69 98 26 24 85 31 37 16 48 88 39 80 22 94 36 91  2 87 80 70 76 17 82 43 55 80 83  7 23 99  5 20 95  7 30 63 34 21 35 26 43 82 16 24 46 49 49 44 13 79 10
 65 79 74 87 45 61 77 33 76 89 75 66 71 71 34 89 90 88 49 82 39 59 81 60 65 55 48 69 40 15  7 24 42 92 87 32 80 98 68 50 70 50 61 11 24 63 55 50 97 33 31  9 31 79 91 50 64 83 38 91 47 76 17 18 27 16 70 29 13  8 70 12 50 37 33  7  6  3 90 44 88 99 70 59 50 15  5 50 70 71 40 82 30 80 29 21 23 44  6 50 29 69 37 78 81  9  3 97 75 36  1 65 32 33 17 96 37 27 76 84 24 36 47 66 43 36 82 11
 38 19 91 56 66 33 87 88 66 75  2 83 58  2 10  6 85 25 81 79 94 37 79 66 25 79 70  3 99 21 15  7 24 98 88 10 86 43 69 74 65 27 11 47 10 72 10 37 19 24 74 59 27 93 98 56 14  5 63 12 62 69 67 88 51 41 74 53 53 89 23 54 44 33  1 20 44 70 87 11 51 11 69 16 19 30 86 70 87  7 54 80 30 44 74 34 98  7 96 31 18 69 94 64 46 55 33 38 91 74 70 61 19 68 62 80 38 57 50  1 96 77 81 15 90  3 95 89
 99 32  3 56 89 33 73 47 21 19 62 14 52 37  8 87 29 44 75 10 22 92 12 18 93 44 70  4 48 11 92 35 16 40  6 46 48 59 73 38 36 71 67 44 76 29 81 89 98 41 75 80 65 47 61 80 23 39 41 96 27 81 13 83 82 67 37 72 15 73  7 58 45 22 81 49 47 14  9 45 10 55 31 14 13 54 50 74 71  7 44 68 26 94 19 85 26 84 51 68  9 37 57 32 48 93 40 67 62 54 55 42 80 63 20 42 54 95 47 62  7  3 87 69 84 70 75  9
 35 48 35 65 57 43 72 83 75  6 48 42 67 37 76 65 43 60 79 29 49 28 70 26 61 10 33 89 76 55 11 83 93 78 82 84 60 29  8 31 82 61 27 24 36 36 53 43 77 46 21 59 20  5 94 48 28 52 13 37  2 50 54 85 97 77 56 14 20 22 50 29 73 34 51  4 73  9 62 68 60 22  8 35 18 73 36 21 43 15  8 71 24 68 83 75 53 65 33 52 98 78 31 33 38 58  4 17 85 81 66 73 97 37 87 36 62 86 91 28 63 78  1 74 48  5 35 85
 46 43 67  5 13 96 24 68 44 81 70 97 25 18 39 49 31 77 22 46 61 48 71 53  9 39 21  7  6 49 92 38 53 96 74 36 32 28 60 73 99  8 71 71 98 47 77 55 86 33 28 40 60 99  4 94  4 39  1 32 24 78 36 85 67 60 36 35 31 38  1 62 19 69 75 94 65 12 15  7 13 44 85 85 34 30 15 71 56  3 57 66 49 23 53 69 30 50 78 97 60 92  9 76 72 58 20 69 93 92 29 89 70 19  2 72 10 45 33 93 35 96 24 76 14 68 60 14
 64 18 45 71 49 51 73 46 33  1  9 21 25 97 36 56 68 30 15 68  6 33 79 71 74 66 90 30 72 65 14 12 44 91 41 10 81 12  7 55 12 16 75 44 10 97 46 56 24 24 13 26 38 45  7 50 66 10 25 44 36 14 33 99 68 77 45 96  6  1 45 57 20 42 26 18 59 55 44 27 84 23 17 30 35 89 78  9 93 47 92 12 34 28 63 93 37 22 83 50  1 94 71 44 91 42 62 29 40 99 93 33 78 44 40 28 55 63 78 13 62  6 79 56 47 15 86 30
 51 39 71  5 47 46 63 93 51 46 49  1 65 61 98  6 74 82  1 85 81 30 41 57 64 76 65 79 40 54 75 93 10 49 90 66 29 29 72 55 91 89 25 81 99 83 52 99 61 30 41 33 79 56 76 50 83 52 25 50 11 22 42 25  8  8 42 38 17 76 14 15 12 53 82 65 14 41 68 25 12 40 91 46 82 65 36 74 81  3 30 37 32 89 25 92 61 26 35 90 44 49 66 78 68 57 27 77 23 75 37  3 54 31 63 40 82 30 25 55 43 99 96 92 89 78 89 62
 24 16 78 67 53 65 94  9 99  6 66 70  6 47 14 68 38 26 47 28 79 87 32 91 66 76 43 76  6 64 52 89 12 35  5 16 32 14 56 61 94 44 85 77 33 26 51 86 26 36  3 78 23  6 49 70 60 35 57 34 83 49  7 30 90 92  6 34  8 71 31 91 78 68 18 30 29 14 39 14 93 39 12 10 18 50 91 58 47  6 64 99  3 93 90 49 81 84  1 93 92 95 70  8 14 93 73  9  6 18 82 74 94 19 10 29 92 31 21 25 76 18  3 62 80 17 72 13
 99 26  5 24 67 52 24 90 10 87 19 69 76 84 41 23 71  5  8 73 80 29 99 88 46 98 75 84 42 49 80 94 35 53 74 37 61 98  5 52 68 95 86 59 79 66 13 68 92 77 38 63 78 35 55 89  5 23 19 11 69 73 84 73 82 85 20 88  9 62 30 52  6 38 40 67 95 26 89 10  5 91 32 24 87 61 58 38 93 35 27 82 38 75 86 91 39 18 77  5 58  9  6 88 67 87 54 12 17  8 23 31 34 51  4 24 24 30 23 39 96 78  5 87  6 24 38 39
 16 73 48 49 87 88 99 24  7 36 33 32 86 41 94 43 76  7 47 41 68 40 66 74  3 45 49 93  8  5 54 96 64 26 18 65 74 78 18 82 18 55 18 36 29 75 76  3 29 88 30 17  1 89 92 22 36 78 50 59 54 45 17 43 89 19 58 34 30 27 95 87 75 87 96 42 29 82 11 17 13  8 81 96 48 56 92 79  3 81 75 96 98 60 73 81 83 97 49 82 29 26 31  2 98 27 37 72 85 43  7 37 38 79 30 22 31 70 96 10 39 74 44 27 87 96 69 91
 62 76 16 52 92 42 51 87 84 59 90 41  8 21 99  8 39 34 32 84 83 32 49 73 70 97 78 98 94 66 59 21  2 34 97 22 70 78  2 81 46 98 98 58 13 17 20 46 90 77 23 30 54 39 30 93 27 48  9 80 21 97 74 18 80 58 24 12 78 18 79 50 21 52 98  4 83 48 32 27 36 93 20 15 22 33 98 33 49 32 19 79 88 37 95 93 34 33 85 63 61 85 87 10 78 43  8  9 98 88 86 89 80 84 29  3 29 85 19  7 53 77 89 87 86 29 52 54
  5 91 66 80 48 39 63 50 56 53  3 10 26 37 23 75 16 90 94 68 41 83  1 58 68 66 33 47 57 44 42 26 65 64 72  5 49 68 66 20 14 76 11  6 25  4 39 58 18 54 91 82 46 67 58 20 17 39 54 69 18 35 45 86 27 59 56 24 11 48  8 49 65 56 96 89 90 41 54 82  8 42 41 82 56 82 35 79 34 26 86 24 55 26 61 92 92 48 84 55 85 63 69 65 20 27 31 26 25 99 81 55 18 83 58 54 86 78 65 75 60 14 13 69  7 59 67 87
 89 25  3 19 94 76 82 14 87  9 13 74 63 64 84 81 79 69 38 48 97  6 68 75 94 54 99 65  7 30 87  4 93 13 50 12 12 18 16 86 30 77 68 83 23 94 41  4 67  9 63 49 58 78 37 20 44 85 15 72 62 76 41 51  9 74 37 48  2 16 77 72  8 41 86 12 92 30 66 48 16 35 77 24 14 26  3 71 66 63 32 41  7 58 83 45 56 46 19 15 14 16 81 14 58 70 96 96 10 65 95 61 82 21 88 84 36 93 88 35 32 38 80 90 61  1 26 88
 94 39 35 22 22 19 51 49 40 50 98 46 43 92 34 91 82 90  8 76  1 75 80 87 60 36 76 34 62 97 41 39 32 21 73 71 57 93 38 10 14 40 10 45 56 35 51 20 36  8 88 10 29 75 24 64 80 29 21 22 24 39 56 80 37  5  5 74 76 39 80 40 71 32 52  4 78  5 77 10 65 10 95 66 84 32 34 70  6 87 13 38 96 35 39 54 30 78 81 17  6 39 38 37 71 64 37 60 64 24 29  2 13 73 11 39 78 21 46 10 93 62 29 18 34 11 76 85
 39 17  5 88 22 39 56 46 73 82 95 25 21 86 19 18 88 87 64 20 38 54 85 76 33 37  2 89 60 48  4  6 42 11 83 37 43 50 31 63 45 28 53 59 13 94 41 41 82 59 24 36 73 65 41  8 71 23 11 66 43 44 52 62 97 23 21  6 97 79 72 84 48 28 74 75 84 94 14 30 13 24 21  3 60 34 27 73 30  2 44 54  4 86 40 33 45 21 14 79 44 60 52 14 37 43 47 56 13 89 69 29 31  3 72 42 71 92 96 24 38 37 20 20 53 31 38 39
 36 99 26 50 96 70 30  1 21 35 17  1 44 53 97 28 19 98 14 18 27  8 59  1 12 22 89  5 89 10 11 86 81 12 44 36 41 39 99 69 12 26 50 81 71 26 12 12 18 80 29  6 37 89 72 31  7 82 18 39 57 77  6 86 51 87 77 54 61 79 69 87 69  8 58 70 24 76 82 13 78 24 23 96 43 90 86  3 12 51 98 13 81  3 44 66 29 49 64 56 22 21 74 47 61 61 54 67 28 81 12 81  7 63 43 96  1 58 54  9  6 25 20 12 71 61 74 33
 15 19 56 62  6  8 43 72 50 49 44 28 48 52 36 26 52 57 71 95 42 83 54 74 12 64 40 57 99 39 51 26  8 29 59 16 48 43 40 20 91 36 21 26 90 27 28 24  8 45 57 43 48 97 87 45  3 44 89 30 47 52 13 78 37 23 33 46 35 97 61  1 89 65 72 53 54 26 35 53 14 86  8 61 85 28 52 78 27 35 32 40 16 80 26 36 20 24 46 77 42 84 75 49 76 13 46 28 19 11 45 64 23 11 40 37  8 35 58 71 24 42 80 23 78 95 14 68
 72 85 53  9 41 21 52 64 83 28  1 43 49 18  8 68  7 80  9 86 66 55 84  9 14 72 81 32 38 83 53 34 85 27 61 30 60 45 23 67 86 64 20 88 46 71 38 21 68 66 27 51 26 20 62 17 67 41 34 77 71 39  2 30 38  6 39 52 98 60 27 40 56 88 67  8 39 18  5 92  6 46  6 99 41 50 17 80 69 95  9 89 39 68  3 74 58  4 43 25 25 30 73 14 73 69  8 53 38 87 40 24 56 25 45 55 50 11 90 89 36 45 41 36 23 65 49 36
 31  1 24 23 25 13 53 81 22 13 43 83 48 69 85 13 85 12 46 18 67 41 22 62 21 57 65 70 18 61 49 90 16  3 85 33 55 56 29 92 72  2 97 62 61 62 72 89 81 33 48 93 65 88 68 16 94 63 77 59 28 46 43  1 49 49 38 80 61  8 37 14 10 90  1 75 94 84 23 25 19 84 21 79  5 21  5 87 87 14 66 93 68 40  8 15 87 65 86 60 36 50 19 61  2 22 63  4 98 92 89 48 79 88 79 29 46  5 33 58 90 65 90 90 79 84 92 68
 45 49 42 97  2 36 11 93 84 61 51 77 48  9 74 32 39 29 41 88 76 12 70 84 18 47 84 28 93 91 50 64 96 24 37 69 88 62 95 52 59 60 47 71 71 26 61 13 34 19 51 51 71 35 98 26 26 30 31 46 69 95 52 52 71 10 98 53 99 87 46 11 17  1 61 87 76 25 76 14 28 89 29 52 82 70 85 35 18 58 95 15 28 20 49 44  4 96 95 83 58 52 72  3 14  5 52 38 85 30 45 48 25 75  3  6 87 16  9 44  8 55 45 39 14 41 56 48
 83 35 85 29 56 49 72 87 88 93 61 65 17 53 57 82 75 39  4 48 78 51 11 41 55 67 67 56 34 78 15 19 79 12 79 76  2  9  5 13  2 73 40 50  1 31  5 28 32 50 82 40 15 14 51 90 14 58 79 72 54 81 96 31 39 40 27 57 27 82 87 86 89 53  5 40 14 80  8 96 86 68 90  7 77 95 78 33 23 41 49  3 50 61 49 53 18 19 94 36 29 36 78 61 25 95  8 84 87  1 48 60 17 57 90 28 83  4 73 30 63 34 26 46 85 63 56 99
 45 87 25  3 70 53 47 26 62 97 82 16 40 84 42 55 88 21  5 38 11 45 33 62 57 93 49 31 72 89 27 99  9 40 45 11 24  6 69 82 46 65 25 86 94 54 71 13 31 16 45 21 87 15 53 55 76 84 38 85  7 45 46  1 32 97  9 36 54 93 64 50 48 99 27 67 17 29 88 50 82 84 28 27 47 57 40 27 39 91 76 57 77 37 27 89 74 50 76 28 68 22 69  6 84 81 95 10 37 66 21 12 99 44 41 64 76 31  4 60 65 61 21 77  4 12 53 63
 66 89 67 13  1 16 49 75 13 54 73 86 44 14 24 30 50 92 72 29 69 39 30 72 90 19 69 93 96 27 74  3 67 43 66 77 99 89 77 39 46  8 82 22 55 87 18 20 71  6 49 66 60 13 67 55 31 60 53  5 62 10 17 96 74 97 59 73 39 11 25 60 59 90 50 64 77 73 51 98 13 83 89 18 76 19 53 87 95 89 70 66 64 82 77 40 14 17 29  2 69 64 92 65 22 18 79 28 30 98 54 68 84 58 48  6  4 67 28 79 78 73 45 45 97 57 32 12
