128
 61 10 24 96 69  7 91 68 54 14 49 11 23 63 93 29 29 61  6 86 84 87 21 61 18  8 44 46 33 90 19 97 82 33 58  7 21  3 79 22 55 27 71 87 85 78 29 97 87 23 73 62 40 70 40 59 62 77 46  5 33 82 91 70 41 44 75 30 13 29 79 32 75 20 22  8 46 98 44 53 70 54 70  6  7  2 39 58 15 97 97 63 71 60 87 90 98 40 20  1  6 37 22 17  1  4 76 81 51 47 56 12  7 97 40 32 29 43 28 56 36 70 90 67 82 41 70 41
 48 23 80 43 78 21 21 65 35 73 13 44 19 34 68 11 45 97 24 53 52 86  4 18 17 19 38 26 37 51  3 47 77  5 65 35 82 99 28 96 55 59 35 11 59 67 95 98  2 14 33 89 36 35 82 62 50 77 74 87 70 62 43 31 86 86 72 61 34 56 67 47 48 79 78 95 27 41  3 87 20 24 26  5 13 76 22 16 68 25 53 23 57 68 68 67 12 97 55 38 31  5 88 68 56 43 92 82 12 24 15 62 31 74 53 76 50 32 36  3 76 17  8 29 74 16 32 92
 74 52 94 67 73 98 31 22 44 41 91 88 19  4 84 48 91  8  8 99 88 54 81 24 10 12 44  4  4 36 15 32 87 60 41 30 45  4 75 23 23 57 16 35 32 14 14 32 24 22  2 66 17 70 17 10 80 34 18  4 61 80 20 16  7 64 40 21 85 93 59 13 25 21 31  4 55 41  5 82 53 34 92 23 19 41 13 39 73 28 57 31 70 86 73 30 74 86 66 44 40 23  4 88 51 33 33 57 29 36  7 84 96 11 89 26 85 13  6 98 89 13 48 91  5 88 31 83
 62  4 70 41 35 42 66 52 83 88 44 61 50 44 65 17 60 50 11 78 15 38 28 53 15 55 91 35 62 12  2  4 23 60 90 86 79 73 48 86  5 34 94  6 82 51 54 35 27 93 30 44 96 54 28 88 37  4 53 15 85 38 68 45 39 23 69 86 89 41 35 29 66 90 13 37 53 83 48 47 96 83 95 94  3 76 17 34  9 77 43 53 50 34 91 82 70 55 18 51 73 68 51 50 96 58 79 39 57  1 38 79 70 15 18 34 71 68 52 16 26 57 28 92 94 35 50 70
 54 24 36 33 65 54 75 89 78 73 12 33 52 87 61 28 78 10 56 56  8 14 40 47 60 40 98 44 14 54 96 50 27 62 27 17 38 42 46 82 19 49 26 92 67 79 26 84 51 78  1 51 79 73 63 24 20 40 98 20 62 96 74 95  4 90 84 10 35 35 89 27 79 49 56 19 15 36 95 76 99 92 21 85 80 26 35 82 39 56 56 15 69  5 81 52 23 88 26 34 25 82 71 43 66 78 50 77 96 33 57 93  4 60 28 52 74 97 65 78 34 88 62 57 15 99 81  7
 94 60 70 55 47 91 48 82 69  4 16 21 19 10 64 15 49 64 31 49 48 19 60 75 33 62 47 53 86 71 55 12 41 75 71 24 29 58  8 21 68 81 93 66 23 81  5 60 28 86 28 15 53  3 91 91 64 39 44 94 88  3 13 36 78 24 17 52 99 92 17 79 14 61 19 39 12 67 61 84 81 69 85 28 77 78  4 80 29 20 67 10 66 32 72 91 42 54 56 29 58 41  7 26 30 77 28 64 93 31  9 45 22  5 78 38 95 17 13 34  5 25 79 33 27 76 12 76
 71 34 83 99 63 43 68 29 73 27 29 63 44 25 44 33  1 45 20 77 96 33 60 75 16 93 65 33 95 91 40 59 90 54 30 73 37 38 40 80  5 13 81 48 19  2 35 87 77 34 41 52 51 94 36 46 91 16 85 94  5 65 31 32 92  5 26  9 82 25 38 67 93 84 63 19 40 99 72 53 95 38  7 44 77 89 27  1 20 28 19 34 54 70 23 62 89 25 18 62  5 36 39 96 62 91 90 76 15 17 63 30 27 71 76 99 73 44 36 17 35 96 78 81 57 82 85  3
 81 28 99 34 48  5 78 33  9 91 56 33 39 78 59 33 78 39 29 54 25 65 53 19 68 34 19 99 78 75 52 14 61 36 98 14 72 34 66 67 78 54 70 76 74 80 53 24 99 17 71 99 48  3 23 84 43 54 18 66 68 44 22 12 19 21 50 68 81 43 46 38  7 23 15 56 26 26 64 10 13 97  5 96 52 80 26  1 71 21 98  9 67 90 61 98 72 86 57 76 26  6 81 93 45 88 68 25 53  2 45 32 23 51 95 31  1 55 56 82 15 54 93 20 64 28 17 83
 60 97 94 93 49 51 56 58 57 78 60 64 28 30 97 63 79 55 83 43 20 39 31 92 78 14 11 73 95 82 77 44  8 33 63 85 97 36 12 64 18 57 23 89 41 95 35 84 71 98 47 46 82 28 39 97  4 82 42 77  1 95 72 13 71 54 34 47 70 37 72 64  3 78  5 58 41 28 11 73  3 59 56 80 56  9 97 46 61 79 24 15 26  3 58  8 91 58 69 89 50 57  1 43 15 53 26 10 90 42 39  9 67 69 10 15 34 60 27 76 63 51 15 61  6 82 36  9
 12 64 95 79 10 95 15 15 86  8 29 63 23 65 88 71  7 86 70 17 11 43  8 79 45 68 55 55 30 75  5 42 93 55 15 74 47 17 36 27 80 18 59 59 52 43 17 45 67 98 95 71 42 76 34 46 87 94  9 68 19 36 94 87 42 33 42 78 39 87 35 90 79 51 82 75  1 17 54  1 57 46 66 94 51 59 70 94 20 80 50 18 33 95 55 62 50 89  5 44 31  8 60 22 73  9  9 72 32 59  4 82 15 86 26 45  3 81 71 88 91 94 11 85  3 73 49 97
 64 99 23 83 74 52 12 74 14  9  7 62 77 59 11 76 38 48 10 32  1 51 12 29 82 89 53 48 19 77 77 85 13 71 98 68 43 99 78 99 91 67 11 89 20 95 43 26 92 68 34 29 97 45 76 93 67 25 54 67 76 12  3 65 85 76  1 73  9 51 74 22 78 86 98 88 47 99 89 99 55 94 86 76 84 63  4 78 15 64 38 15 67 82 48 80 49 88 19 81 24 17 47 72 40 35 23  5 94 90 60  9 50 27 66  6  8 86 46 55  7 75 76 21 34 79  9  4
 45 63 72 28  4 65 27  5  4 20 93 16 27 85 32 18 93 71 93  7 87  1 45 45 60 75 76 20 46 48 71 70 64 22 38 52 60 43 53  9 48 55 50 14 96 97 95 70 94  5 92 26 37  7 69 34 28 69 40 11 14 89 29 10 59 41 73 33 22 87 40 66 29  1  3 42 75 24 65 51 59 56 73 86 37 89 67 54 21 10 88 21 86 87  7 30 30 42 50 72 69 42 35 70 66 83 25 80 71 50 89 57  8 45 15 88 89 53  7 14 72 78 29 78 67 27 50 64
 19 70 25 25  1  8  4  8 67 44 76 49 79 99 40 64 32 43 75 94  1 35 32 76 36 62 32 80  9 25 86 87 33 77 50 44  4 45  3 92 56  3 88 27 55 67 72 10  1 31 25 35 26 92 82 68 42 44 79 25 73 50 98 56 19 54 75 41 77 63  7 90 67 97 55 24 68 50 59 44  8 37 50  6 19 31  1 39 12 49 24  7 80 18 56 96 86 25 71 16 66 36 21 10 29 94 52 16 88 12 39 65 73 98  1  8 80  9 58 87  3 76 67 51 65 65 49 76
 79 52 39 97 53 65 40 59 59 55  7  8 56 88 42 72 97 65 11 38 89 99 55  6 72  6 22 68 91 31  4 82 70 96 53 56 13 69 45 33 65 97  7 23 97 31  3 27 98  8 14 60 53 37  1 13 19  5 89 13 12 27 26 57 88 70 32 87 89 95 42 14 96 90 70  4 55 36 12 75 32 13 76 89 22 98 33 45 71 21 73 67 39 85 85 88 14 10 73 28 99 99 95 32 90 41 92 80 91 86  8 11 94 30 28  5 49 43 18 94 58  7  1 62 27 79 20 52
 12 21 97 42 17 37 47 15 43 10 84 74 77 35  7 59 39 95 87 87 12 98 76 84 53 73 85 31 60 11 68 88 75 69 66 75 44 72 39 23  2 55 31 52 95 43 44 31 48 14 23 27 60 93  3 22 99 25 61 99 78 70 93 38 17 35 81 75 17 24 25 71 81 76 96 15 67 19 26  9 61 44 48 75 92 78  5 29 78 13 92  7 43 98  7 60 69  4 24 70 14 69 38 96 68 96 75 43 91 78 64 97 63 87 34 26 44 20 23 10 17 64 88 92 87 28 57 68
 68 85 13 63 66 35 11 42 41 63 92  1  3  1 44  3 15 18 56 26 89 74 58 37 58 17 75 87 49  7 84  3 84 89 76 86 11 52 48 10 97 28 64 45 81 61 42 95 78 92  3 67 41 23 54 34 44 98 73 34  8 90 41 21  4 59 22  4 15 24 79 11 66 19 72 56 49 26 40 15 96 22  2 39 77 11 89 44 82 51 88 74 92 96 75 60  9 46 89 31 10 29 68 58 77 29  1 94 64 80 90  3 49 84 40 59 90 71 39 84 44  3 86 21 39 81  2 95
 22 38 42 48 79  2  5 30 75 11  8 30  5 70  8 27 22 87 65 52 51 80 35  7 75 45  3 32 40  7 49 69 65 21 74 37 46 26 39 60 21 24 39 42 27 79 92 54 54 61 66 31 62 29 83 64 91 75 29 90 84 61  5 33  6 11 21 15 54 75 42 11  4 20 64 90 59 32 55 42 44 71 43 45 42 86 23 68 97 60 36 42 90 70 36  5 68 63 73 74 80 72 14  9 21 62 28 94 25 93 16 46 46 43 14 48 87 28 99 80 86 53 93 43 60 72 60 77
 94 70 42 66 18 62 66 13 37 54 34 62 87 31 27 94 89 15 55 83 70 42 90 60 27 16 66 41 47 85 96  5 73  5 50 54 84 17 52 90 38 31 53 12 37 66 66 47 61 41 99 69 76 94 76 37 97 70 39 29 57 45 99 60 58 50 74 60 60 73 13 34 66 70 17 68 38 78 39 58 61 11 35 48 68 49 78 89 79 15 72 56 61  3 44 93  4 16 14  9 66 10 20 22 12 64 47 80 44 42 23 88 49 24 45 89 57 25 11 47 14 65 32 41 39 31 33 63
 25 42 38  1  2 96 26 66 92 98 69 69 69 92 47 10 88 89 27 22 86 10 77  4 52 19 24 23 21 19 48 70 93 92 78 19 21 51 27 14 60 12 20 59 34 86 48 11 41 34 47  4 42 61 93 27 61 55 14 38 98 67 17 68 98 93 23 47 46  7 40 84  3 87 80 82 86 49 89 42 89 63 89 42 55 23 99 55 62 57 55 23  8 86 14 83  8 85 37 89 57 73 30 56 97 58 68 74  3 39 92 73 48 26 44 48 73 37 49 60 25 56 98 58 24 83  1 48
 48 73 10 33 40 18  3  1 35  9 82 76 24 22 12 81 96 54 90 96 40 33  5 26 91 90 36 14  6 21 99 48 55 55  2 51  7 34 73  9 27 82 73 44 34 92 54 13  8 34 20 40 21 76 69 85 63 39 73 65 32 43 78  8 65 24 61 53 18 50 98 59 43 80 91  9 66 43 49 37 39 10 86 94 16 62 43 40 51 60 35 42 92 56 32 17 39 75 79 90 35 46 39 41 75 91 80 88 85 48 47 40 84 40 83 59 67 21 59 24 46 57 67 25 29 38  7  6
 46 28 90 23 70 52 78 53  9 82 75 64 11 48 75 67 73 65 62 76 58  4 42 43 34 46 18 74 57  8 10 42 25 62 99 72 94 45 96  8 29 92 98 51 81 93 92 29 40 32  4 45 36 99 33 49 64 68 25 94 59 43 23 37 82 96 77  1 31 64 53 70 19 33 92  1 11 98 26 48 13 30 41 27 53 12 85  4 97 16 39 67  5  1 13  6 22 81 83 81 45 11 95 91  7 24  4 19 64  8  7 51 92 14 16 70 46 20 11 70 98 99 27 20 15  1 97 69
 47 84 55 37 64 81 50 40 60 40 69  9 79 22 56 99 75 14 97  5 13  6 30 10 82 55 88 49 86 90 68  1 98 32 50 52 49  6 22 70 98 71 80 24 60 95  6 54 80 37 12 88 67  7 62 37 71 87 86 90 25 89 45 50  8 55 16 57 77 29 70 96 59 82 53 13 51 91 99 78  8 97 35 35 91 56 93 27  8 28 15 48 52 41 61 56 33 60 66 49 66 63 48 82  8 73 65 25 98 86 49 39 62 29 90 87  8  2 31 51 36 14 48 57 38 87 50 80
 77 52 16 60 43 31 77 24 21 80 71 26 12 29 22 97 28 58 90 52 90 55 58 86 28  4 43 46 39 41 54 50  6 54 61 82 58 53 68 31  4 48 51 90 98 86 48 42 46 49 81 73  3 84 52 34 24 66 44 75 71 12 75 74 87 63 55 77 20 85 23 84 12  4 22 76 42 14 63 62  8  6  3 15 33 75 25 69 52 46 80  3 61 98 90 79 56 40 15 23 66 17 40 12 64 23  6 72 66 58 57 92 51 18 18 11 84 50 24 37 97 48 89 84 61 66 27 63
 16 90 83 96 99 54 63 71 45 74 73 25 23 41  9 18 71 81 42 25 23 99 63 74 31  6 93 30  6 85 99 98 75 71 85 37 24  3 44 52 16  4 50 28 71 75 16 78 58 39 74 89 91  8 89 82 86 78 26 52 73 42 52 89 30 65 16 74 98 26 16 77 73 39 21 48 79 22 21 46 46 19 80 68 40 40 57 75 74 40 71 47 12 42 10  5  7 24 20 52  2 36 48 94 60 18 83 97 83 92 37 50 88 65 23 57 42 52 10 65 87 54 85  6 72 32 92 72
 46 43 60 60 36  4 69 58 15 55 87  6 25 73 82  7 45 93 54 33 35 78 19 98 76 42 22 83 67 92 27 17 23 44 55 92 38 57 64 90 70 62 38 87 78 43  7  8  5 34 30 79 54  1 45 46 10 74 99 19 83  8 51  1 37 91 59 61  3 94 42 60 33 29 88 23 51 86 71 70 38 63 70 18 43 50 71 53  1 29 44 81 64 40 15 88 44 43 68 83  8 50 16 33 84 66 89 71 35 58 80 69 57 51 43 49 59 61 14 33 66 71 91 11 11 18 29 34
 58 67 48 93 35 21 68 10 31 18 83 49 94 36 48 88 16 72 37 59 84 54  4 51 50 59  6 55 90 28 77 33 21 31 66 73 59 81 12 91 51 11 63 14 47 11 94 29 21 67 96 27 78 72 71  1 87  6 97 29 63  5  2 75 58 16 16 10 76 56 72 45 29 18  2 82 78 57 36 40  8 98 96 11 49 56 24 39 15  8 91 75  1 14 73 93 72 55 89 75 75 89  2 73 50  8 82 90 72 60 26 14 57 96 70 89 40 16 84 25 11 51 49 52 92 49 72  1
 85 50  7 35 77 11  2 29 48 66 28 63 93 93 55 47 43 48  6 32 40 68 62 21 68 69 24 74 80 45 95 50  1 95 25 88 56 12 75 99 74 57 29 61 24 17  7 96 51 36 64 81 38 50 83 37 48 52 43 75 11 91 67 27 44 14 41 29 58 80 58 82 56 18 78 17 26 15 33 35 79 43 57 63 36 27 61 86 20  2 42 18 65 19 97 16 21 56 20  5 36 59 55 78 55 56  7 41 97 73 97 41 91 26 55 73 78 22 19 43 99  4 48 11 59 20  1 58
  2 25 92 42 75 60 82 39 89 92 53 26  5 99 14 44 25 70 77 39  5 99 67 98 26 82 16 41 94 48 58 39 10 60 46 57 67 59 89 98  5 86 21 33 82 28 84 99 35 32 66 51  3 86 45 55  5 36 81 15 79 49 49 93 38 79 37  3 43 93 61 76 25 90 34 83 46  2 38 30 12 33 32 49 15 37 51  2 18 29 65 73 47  4 54 88  1 30 48 71  7  7 91 36 36 51 87 31 23 34 30 47 89 20 82 36 21 80 51 26 45 67  6 16 84 51 58 51
 31  5 65 32 43 55 54 33 32 22 71 63 97 54 15 81 71 45 21 84 84 37 14 68  5 47 68 13 93 70 38 46 46 58 30 89 22 65 95  4 29 66 58 78 35 61 37 66 47 46 19 84 90 18 24  4 18 79 28 45 26 70 66 33 21 44 17 14 34 78 94  2 60 79 75 61 69 40 16 45 24 53  2 12 14 79  8 42 19 56 48 53 63 24 73  9 81 75 78 19 44 55 56 75 61 15  3 49 72 38 87 11 22 56 42 39 75 52 23 32 47 89  2 38 20 35 67 20
 31 54 22 63 28 96 74 28 29  5 12 14 33 55 93 24 56 96 94 64  3 14 67 15 69 70 44  7 11 44 71 85  8 26 21 40 21 43 78 79 85 29 57  6 36 92 76 52 45 96 92 71 37 22 99 20 73 52 58 76 61 63 84  3 74 73 82 64 57 60 97 70 89 81 11 99 39 49  2 32  3 51  1 40 83 93 47  4 76 48 94 82 55 34 46 52 42 11 63 83 98  7 71 21 13 68 95  8  6  6 37  9 44 32 10 34 32 51 34 82 27 99 38 81 97 72 31 90
 48  5  3 55 46 26 31 37 32 92  6 15 67 99 59 64 67 25 52 99 10 94 15 21 71 47 74 41 17 53 98  2 54 84 62 48 72 92 50  6 37 50 42 72 46 74 16 75 91 40 60  6 39 89 51 93 81 34 16  1 59 27 43 64  4 95 53 40 66 69 87 49 34 61  7 98 97 63 30 34 20 27 60 35 18 34 77 60 59 63 71 93 77 11 53 34  1 28 66 73 27 15 37 17 12 56 28 65 57 32 70 41  7 49 54 82 66  9 68 13 13 38 85 32 71 25  5 20
 76 34 56 33 61 38 53 53 87 11 88 81 11 20 88 46 57 85 86 86 90 19 81 46 95 36 42 70 87 91  7 57 72 23 98 59 76 22 83 91 18 91 85 60 73 94 86  6 23 77 31 70 68 21 60 13 20 60 96 39 56 23 43  4 50 75 27 30 76 35 62 29 95 60 63 46 80 26 96 32  7 31 19  7 17 61 16 88 68 62 68  2 76 82 79 59  7 98 77 52 40 35 11 18 15 64 73 23 96 72 44 89 25 20 45 46 22 99 53 79 56 91 14 47 77 71 31 59
 44 76 85 28 55 31 63 89 26 30 57 58 95 70 94  3 96 57 92 47 76 33 28 89 92 97 53 33  3 77 88 56 38 92 54 36 81 19 97 15 59 37 23 22 18 81 81 44 44 71 69 67 32 53 95 20 93 45 99 48 60 93 36 41 88 14 39 63 45 85 64 50 25 19 96 66 71  1 17 14 40 35 39 57 73 95 39 61 65 93  9 70 46  9 56 41 91 38 43 93 89 72 81 69 50 89 18  3 53 80 13 40 62 39 80  2  7 81 23  3 89 45 41 27 81 76 88 80
 51 59 31 85 76 90 81 33 38 58  4 39 34 58  5 32 38 52 27 23 71 84 41 83 34 37 71 26 60 67 49 53 28 23 83 55 29 59  4 56 33 74 42  6 84 75 97 50 52 17 38 90 19 35 25 97 20 86 25 96  4 66 18 32 26 41 36 28 33 31 93 66 17 67  1 87 56 84 36 44 92 81 35 58 74 54 47 77 10 60  6 92 49 70 48 65 15 48 43 43 28  8 52 82 98 94  6 92 28 15 92 44 84 84  9 51 26  5 55  7 43 66 16 71 37 77 13 52
  3 97 59 15 61 10 42 44 35 48 64 13 23 48 14 10 51 72 20 20 94 62 68 64 98 41  1 42 52 99 27 63 81 82 90 23 93 99 88 24 35 73 48 58 23 32 82 69 70 94 55 49 50 23 85  8 20 91 27 85 69 47 80 20 49  1 94 39 74 53 37 21  1 98 28  7 30 60 50 77 96 27 50 92 91 42 69 49 79  4 81 19  2 26 37 79 98 54 65 38 12  4 35 76 58 85 19 49 92 98 88 38 23 36 89 12 30 73 43 64 80 58 56 44 59 40 92 50
 19 76 58 62 11 17 49 44 36 67 91 31 15 67 96 71 54 65 71 92 74 13 17  5  4 31 40 78 89 89 40 34  5 59 55 73 80 90 61 47 48 33 67 58 66 72 32 13 67 97 60 99 39 50 52 54 64 52 44 36 88 39 98 23 31 19 73 74 59 65  6 54 15  8 24 36 40 14 29 42 47 14 57  1  6 33 48 91 57 97 40 62 42 63 31 87 60  2 94 29 54 77  9 74 25 29  2 76 90 74 23 46 35 24 65 82 79 38 51 76 15 10 97 83 22 66 46  8
  7 23 38 24 17 53 37 20 54 79 29 49 64 68 67 19 80 46 69 63 28  6 17 88 63  7  2 52 79 27 71 89 65 25 45 85 76 93 86 91 23 81 82 66 16 79 49 21 62 39 15 66 89 10 96 87 28 20 29 41 48 93 49 47 21 83 58 41 78 77 77 50  7 90 25 65 46 83 87 13 27 60 60  2 81 78 55 51 58 98 49 14 14 78 20 33 96 93 81 58  5 52 36 44 21 61 92 77  2 41 24 64 83 10 62 49 67 11 14 49  5 89 25 93 25 82 27 59
 99 52 29 61 98 34 74 96 59 70 95 60 35  3 41  8  3  6 67 74 54 21 23  7 63 81  8  8 23 60 64 45 35  5 15  6 20 92 77 38 26 25 37 73 40 10 84 98 36 53  3 81 67 97  5  4 29 63 40 76 44 54  1 68 20 49 28 53 97 67 48 19 16 26 54 85 39 24 84 12 59 93 62 64  9 31 16 78 63 60 68 18 74 32 95  4  3 86 71 87 35 16 41 21 77 86 44 67 31 48 23 67 21 42 32 10 63 13 54 28 26 31 41 38 14 64 44  1
 57 37 42 61 66 68 99 48 94  4 43 89 93 78 47 67 69  7 88 52 17 25 24 26 48 35 11 80 26 33 27 78 55 82  9 91 38 68 86  4 51 82 36 19  8 91 60 38 58 39 97  7 37 10 12 56 61  3 88 55 94 59 55 60 55 22 78 13 94 92 35 39  4 29 59 62 74 35 51 34 69 82 35 28 54 27 62 70 39 12 74 70 83 25 31  1 97 20 99 74 86 88 16  1 72 36 60 89 47 46 91 29 45 93 12 25 98 73 36 53 44 98 83 37 45 42 69 70
 60 24 62 36 94 92 49 12 76 61 60 68 60 50 68 92 77 42 47 66 10 57 28  2 84 66 59 75 28 87 59 76 37 68 52 57 25 89 51 76 46 84 35 63 13 51 44 17 34  5 87 72 35 13 75 86 49 66 36 30 46 22  7 17 24  1 14 94 39 97 96 88 16  1  6 77 25 12 25 37 93 48 17  2 19 97 41 56 26 39 31 24 44 88 11 48 75 97 99  5 10  2 73 20 11 26 95 20 36 76 88  6 49 92 97 53 71 87 10 95 12 10 72  8 81 74 31 96
 12 49 87 47 99 55 98 46 41 98  4 53 69 46 40 71 17 14 72 88 68 77 71 68 44 76 56 54 92 62 37 32 86 64 43 68 48  2 36 35 55 33 83 61 89 19 51 79 29 99 18 97 97 70 81 25 31 51 75 49 90 79 25 91 78 92 52 79 58 13 66 61 97 19 52 43 91 47 79  7 24  8 90 58 59 70 73 16 32 17 39 79 57 35 75 15 60 17 91 79 74 49  7 62  7 87 67 49  5 47 27 67 57 81 45 14 71 69 28 34 72  5 52 58 56 19 26 81
 99 12 35 35 28 46 79 11 75 30 80 56 42 92 78 42 70 32 61 29 53 86 72 60 41 92 72 67 82 34 18 64 39 55 68 89 89 43 53 55 46 90 25 32  2 61 92  8 32 37 72 25 22 55 56 83 68 78 95 30 20 91  8 31 53 56 25 71 34 95 50 49 60 63 25  4 88 57 15 68 30 13 19 68 76 22 66  1 46 25 53  2 44 18 23 22 76 13 48 18 53  3 60  5 45 95 12 72 50 64 85 30 84 97 57 54 23 20 35 38  8 13 26 85 96 58 85  4
 84 24 99 37 14 44 30 40 53 78 78 96 53 18 53 54 96 79 33 74 14 97 89 81 49 17 64 75 90 37 81 29 40 63 51 63 78 34 99 85 47 91 76 29 24 97 56 38 75 56 25 97 49 47 64  4 45 99 25 82 13  7 37 92 52 70 32 65 82 43 71 31 84 54 66 85 41 68 83 26 35 43 26 25  3 15 56 27 57  1 52 12  4 95 71 63 33 67 15 54 98 51 90 39 22 74 78 69 71 94 30 63 92 96 72 35 83 19 75 96 42 86 92 60 39 69 23 73
 12 58 33 50 16 90 40 74 10 71 21 84 54 28 84 91 51 53 81  8 58 39 63 38 87 71 59 50 77 44 83 95 11 26 51 57 93 40  4 99 71 28 62 37 28 52 13 95 36 64 21 93 38 81 96 89 32 78 56 88 93 24 33  5 95 94 78 34  2 32 30 82 67 81 98 16 97 34 18 36 63 26  8 96  2  6 30 70 30 78 40 45 20  7 47  2 61 68 58  6 11 41 69 39 80 21 68 58 39 76 80 16  3 64 24 97 25 83 81 83 44 75 46 79 41 97 28 89
 75 80 83 78  4 35  8 10 86 94 75 46 41 93 51  4 82 37  1 66 28 94 54  9 77 38 84 89 14 43 96 71 65 37  6 84  3 29 47  3 26 73  7 91 94 57 26 64 86 41 12 23 64 72 97 23 11  2 27 77 41 84 23 78  3 39 71 11  5 15 48 16  4 90 64  8 36 78  1 20 57 78 88 54  6 44 47 70 14 50  5 88 91 17 44 96 20 51 21 78  2 86 55 45 24 16 17 98 95 36 41 72 58 84 85 38 67  3 36 32 30 46 62 89 91  4 69  5
 14  6 99 12 85 95 20 90  6 35 44 37 89 21 27 38 82 32 93 93  1 41 91  6 26 36 60 75 18 60 71 32 55 89 71 75 98  4 93 26 70 74 24 91 70 58 42 61 93 41 49 41 50 98 35 96 52 74 55 71 35 26 97 60 23 86 94 62 69 11 33 43  4 96 81 63  8 29 24 87 27 60 73 50  5 70 77  2 18  8  5 92 47 78 93 16 77 59 50  3 46 80 88 98 81 40 57  5 70 94 13 89 72 92 20 51 34  9  9 60 31 66 11 87 23 63 77 15
 46 94 35 45 94 71  5 95 73 69 24 95 53 66 52 14 85 21 38 98 40 65 19  8 96 19 33 26 16 25 32  3 23 26 95  2 24 40 14 63  6 41 89 44 19 48 10 38 86 50 26 75 17 29 25 62 13 76 18 21 48 75 47 63 66 47 12 13 28 78 49  8 63 99 32 43 55 35 98 64 31 85 94 98 84 63  9 26 44 63 85 90 80 63 59 40 14 68 71 79 10 76 82 72 55  7 89 39 17 49 13 58  8 66 35 13 32 18 32 64 85 76 50  1 30 18 38 57
 39 11  2 70 54 50 11 35 42 79 98  9 53 14 99 84 78 42 87 79 10 92 72 38  2 45 36 63 71 53 11 48 56 83 75 13 63 12 66 37 91  3 33 18 92 47 26 39 73 50 94 96 78 74 51 42 58 57 44 18 65 91 79 36 52 51 20  3 30 63  2 36 33 19 43 38 69 97 13 32 48 17 82  1 37 59 22 65 56 86 89 95 86 60 38 83 34 54 19 52 26 19 75 89 57 79 93 88 49 26 35 50 36 79  6 29 73 91 91 11 29 39 20 38 15 25 39 89
 76 99 27  3 19 23 69 88 18 77 25 29 66 67 88 58 67 75 54 72  1 63 96 91 15 33 88 52 29 38 75 55  4 73 80 31 74 38 27 92 74 83 39 55 97 14 46 28 17 19 88 93 28 60 45 52 23 44 62 85  1 50 15 99 50 14 44 79 41 53 24 46 43 69 17  6 77 17 78 53 79 40 98 91 60 26 45 87  4 70 29 13 44 92  4 15 61 68 20 60 88 79 25 26 19 73 89 15 38 30 77 19 11 21 83 83  4  6 12 76 93 61 22 26 53 47 54 41
 90 75 91 64 23  9 69  7 85 86 10  9 35 66 40 35 71  9 66  4 46 11 65 87 53 11 73 84 23 23 72 71 75 19  2 10 80 44 79 78 63 80  2 66 47 84 18 61 43 77 25 79 43 35 31 82 87 31 55 11  3 73 21 15 78 24 17 96 22 52 42 53 60 94 94 81 72 99 87 97 74 45 50 83 52 60 21 54 64 17 26 71 53 91  1 54 63 26 26 32 65 16 94 73 50 28 91 58 41  2 12 80 90 84 95 83 10 90 84 84 36 77 74 14 78 16 80 55
 62  3 10 73 28 89 88  6 95 11  9  4 54 95 76 35 81  1 74  6 21 68 99 97  5 14 50 85 15 88 95 21 38 12 28 57  2 80 57  2 69 41 58 40 19 32 59 95 25 42 87  8  4 11 58 78 45  6 98 26 77 57 60 60 25 24 56 48 36 23 53 49 44 32 69 85 67 42 64 76 78 85 92 37 29 14 75 60 17 29 74 43 75 75 78 23 14 80 80 53 82 23 26  8 77 81 92 53 57  6 52  2 78 72 25 49 35 51 96 60 25 46 49  9 19 10  4 41
 86 37 94 97 63 21  2 84 47 27 78 58 23 77 46 62 99  8 82 78 60 45 11 20 59  2 52 58 37 59 50 81  8 85  3 35 77 59 39 51 43 55 83 20 28 85 62 21 47 32 52 95 65 36 25 23 94 49 76 94 93 42 76 11 69 26  7 11 74 33 30 41 16 49 91 43 46 50 59 61 35 33 28 39 39  7 85 60 71 82  5 82  7 82 73 96 13 42 31 44 52 13  9  6 57 10 31 30  8 54 48 45 23 72 48 33 77 53 82 63 30 75  5 43 27 94  1 49
 33 36  8 10 64 63 14 70 54 21 98 33 76 51 71 71 35 80 88 92 87 56 64 64 42 18  9 51  2 86 20  9 12 12 85 26 14 86 92 18 76 17 86 33 79 19 90 58 54 20 27 77 68 12 30 25 69 44 97  1  2 85 97 40 12  6  6 95 39 61 21 68 97  4 29 23 92 65 76 67 83 64 33 93 15 76 56 73 81 28  3 26 80 65 95 82  4  4 15 89 89 30 62 68 67 30 60 91 74 97 87 28 88 91 43 61 90 76 94 33 38 77 16 77 20 42 89 50
 19 33 24  1 14 77 47 27 63 82 13 96 85 41 37 98 19 86 29 15  9 34 26 62 30 45 37 49  6  6 77 89 54 20 87 10 68 66 93 50 39 71 25 22 56 52 76 97 11 30 88  4 71 36 54 82 15 31 50 51 27 66 72 42 19 75 67 80 46 40 35 59 56  2 90 20  3 98 19 62  2 16 41 33 43 41 41 17 73 21 90 98 78 78 82 64 13 78 64 39 85  6 32 84  7 80 95 48 25 21  1 14 13 67  2 67 73 72 66 31 97 51 47 60 66 10 62  1
 20 88 88 24 15 60 95 62 68  9 11 88 42 64 85 74 43 44  6 12 58 24 31 92 19 47 39 20 11 90 45 37 83 97 50 39 17 54 88 48 45 98 42 77 62 77 15  1 40 49 22 18 97 66 61 79 25  6 25 16 10 90 93 30 61 96 26 24 49 19 96 65 88 25 71 52 69 66 86 59 49 53 58 56 66 12  5 28 22 82 17 27 83 11 85 23 50 27 68 23 70 42 84 69 61  4 83 35 96 85 49 82 86 46 13 58 38 80 83 56 71 86 58 67  9 92  7 99
 42 92 80 96 45 55 20 65 53 56 52 40 39 29 88 30 41 23  3 84 52 80 23 20 95 18 97 78 95 82 84 89 17  8 36 21 39 13 29  1 39 77 38 22 23 21  4 28 99  9 30 88 49 31 72 12 58  8 11 80 81 23 74 86 37 18 45 57 71 25 35 83  4 44 13 77 49 37 25 98 66 64 26 32 85 83 28 71 87 44 71 44 52 47 10 57 94  5 84 43 22 23 92 52 90 90 32 61 58 96 42  9 92 35 64 10 19 46 47 63  7 52 75 92 58 37 90 25
 39 72 16 42 74 18 32 26 18 93 94 73 29 34  7 77 66 17 61 40 12 75  5 53 64 47 16 50  6 42 83 40 57 70 63 65 29 73 42 72 57  8 74 56 45 38 13 52 36 59 87 35 72 87 12 54 92 55 54  3 72 54 28 61 11 40 36 49 71 29 42 39 80 99 51 84 40 25 28 60 28 22  4  8  7 87 56 50 32 75 82 55 95 39 77 83 57 18  5 83 93 12 81 76  9 23 82 75 19  5 71 66 82 37 11 97  6 96 80 44 81 28 68 97 98  7 99 39
 16 98 77 73 29 93 24 15 93 66 43 81 84 14 63 51 20 87 20 67 91 30 38 73 83 64 58 86 21 17 43 60 94 38 57 73 62 56  8 16 48 87 62 78  9 60 10 41 64  4 84 83 81 85 88 23 95 64 28 36 53 39 66  9 52 27  4 53 54 80 20 90 31 69 13 36 83 25 73 95 26 13 26 54 50 25 62 55  2 83 14 23 35 51 86 31 90 61  2 24 52 54 95 65 37  5 13  6 54 86 63 97 85 50  1 68 25  7 72 38 97 82 37 55 87 49 69 78
 17 72 39 49 56 99 56 61 32  3 90 96  1 90 46 65 81 71 82 78 23 83 90 42 34 43 20 81 67 65 10 74 64 25 34 73 54 20 47 87 74 47 95 85 59 47 85 40 94 10 75 69 14 16 39 73 83 79  4 92 81 26 22 52 24 44  2 38 24 11 18  2 82 65 26 12 67 11 73 27 35 13 65 74  5 60 16 84 80 80 20 58 81 56 17 78 73 99 26 72 39 20 97 87 72 38 22 12 40 60 74 15 97 70  3  3 73 74 94 59 10 71 36 71  7 99 72 44
 39 28 27 54  7 88 43 22 65 85 19 54 66 92 72 49 67 84 46 16  9 84 98 36 47 11 49 54 40 96 58  9 69 55 92 42 18 82 21 97 26 18 69 43 74 67  4 62 52 41 29 88 38 96 33 68 47 46 43 58 91  3 78 87 19 44  4 91 91  9 46  5  6 74  6 80 28 74 85 47 47 99 87 80 99  2 82 81 74 31  5 68 38 74 34 76 94 36 63  3 93 56 83 39 62 42 69  6 62 85 87 25 20 37 65 77 72 60 83 40 66 66 50 89 29 27 73 59
 49 22 33 20 88 14 14 49 70 98 57 49 66 91 91  8 60 41 20 81 67 31  4 92 38 15 58 77 58 13 68 35 24 48 20 57 59 72 55 78 31 99 93 92 53 45 56  2 19 84 56 27  1 19 97 28 12 93 67 26 73 63 91 38 17 55 97 59  5 70 83 38 73 83  7 25 74 76 12 11  5 59 13 22 29 98  7 43 25 67 35 33 87 69 76 46 31 78 64 74 63 97 17 96 74  9 11  2 16 72 87 12 61 39 15 24 72 85 75 24 25 26 41 39 53 39 68 12
 18 22 35 58  6 83 85 85  3 26 44 18 90 63 16 64 21 46 84 96  9 32 55 71 46 67 37 23  2 97 32 60 73 44 13 29 74 89 78 59 46 53 72  6 28 88 29 28 75 62 46 85 14 89 76 56 15 91 64 27 31 71 22 77  1  2 42 41 93 33 63 21 66 38 10  8  4 62 42 19 86 66 39 45 98 99  9 91 38 12 58 65 61 56 84 58 89 86  1  1 63 49 65 83 84 12 64 34 66 88 41  5 38 70 38 21 50 50 32 41 77 39 56 21 12 82 48  1
 75 59 51 24 48 28 86 86 65 69 25  3 53 63 19 67  4 11 95  3 15 14 79  5 27  7 29  8 55 38 58 84 32  6 59 31 87 10 91 49 67 29 27 95 77 56 74 65 78 76 82 52 80 27 28  5 92 87 34  6 58 36 52  6 48 25 26 12 52 51 72 86 15 92 23 21 40 24 40 41 97 51 51 17 55 61 11 29 67 76 76 47 61 73 95 31 82 52 10 79 92  5 45 45 90 97 28 47 38 18 23 80 31 97 23 75 17 29 92 60 41 58 26 57 41 72 19 88
 57 99 45 56 56 20 21 80 10 11 86 56 59 83 56 37  6  3 54 30  1 85 19 68 80 67 48 66 73 46 10 20 36  7 88 65 41 90 98 34 58 22 31 85 71 37 79 93 10 95 81 31 19 18 12 21 47  6  3 48  1 36 58 60 50 77 90 33 26 16 43 62 29 50 16 94 30 59 73 24 93 93 14  6 90 38  1  9 17 50 17 18 81 24 12 94 76  1 52 16 59 64 21 56 77 57 16 82 86 44 15 37 83 60 95 13 52 36 34 57 93 65 47 26 23 26 44 57
 22 22 15 75 61 36 88 47 97 26 98 63 12 18 57 58 20 63 27  6 10 39 96  4 16 45 66 26 21 91 35 26 31 99 22 94 71 29 54 64 71 34  1 65 47 45 77 43 85 71 65 89 17 77  3 69 58 29 87 93 64 86 42 25 93 92 16 36 63 74  2 27  4  5 19 93 80 45 32 11 40 67 38 73 97 10 16 97 86 78 38 99 92 48 31 34 17 59  4 13 55 86 69 70 29 20 42 31 64 33 35 96 97 54 63 36 49 95 70 69 20  7  1 30 75 48  4 93
 95 83  5 17 81 86 94 50 79 82 10 26 48 63 38 24 86 83 71 78  7  5 93 70 66 32 62 87 50 60 54 74 39 82 86 37 67 53 40 26 47 17 14 41 44 14 44 85 31 45 83 89 24 98 16 68 27 57 19 54 77 10 30 25 63 13 29 16  6  9 32 93 98 53 66 89 44 71 74 68 99  7 73 84  1 63 28 30 21 94 53 62 77 15  3 37 50 63 88 21 98 95 74 92 57 58 61 80 24 26 55 44 34 88 69 66 25 49 25 78 32 86 76 70 70 50 90 87
 86 48  4 98 38 63 88 50 84  4  6 41 31 36 33  4 80 14  1 50 21 68 54  7 21 26 24 83 17 72 86 51 69 44 53 44 35 57 24 51 15 19 54 96 61 12 64 38 83  1 51 57 57 33 19 37 11 48 12 63 89 59 36 88 32  1 50 46 68 90 81 13  9 46 57 36 79 85 39 80  2 10 96 23 10  6  2 26 79  3 64 31 27  9 64 73 98 81 27 90 87 12 58 88 58 16 13  4 15 39 36 36  8 88 40 96 34 14 96 55 67 32 85 13 44 18 95 13
 11 74 53  9 98 54 75 30 68 45 82 89 88 69 81 96 70 23 48 21 26 31 21 86 49 21 90 47  1 93 95 19 86 55 82 93 29 32 69 54 83 91 38 93 64 85 96 46 28  4 13 89 41 99 53  3 10 48 96 50 12 31 50  8  7 83 61 69 24  6 24 30 87 68 20 63 21 95 18 37 37 84 40 75 12 21 37 66 14 76 13 29 73 96 35  7  6 84 14 33 99  7 21 25 16  9 14 20  9 15  6 51 69  6 97 31 74 55 57 56 14 73  9  8 18  8  3 89
 78 58 11 61 53 80 42 64 65 95 89 12 37 15 55 27 56 26 60 45 83 75 18  9 62 88 78 95 25 25 68 53 45 70 62 88  7 67 18 71 14 46 62 76 42 25  8  1 21 91 85  8 71 86 76 86 23 35 75 36 84 45 92 51 67 44 19 63 36 95 89 47 20 75 78  6 63 91 23 38  2 97 70 40 47 93 34 95 84 19 79 76 82 17 91 49 47 61 29 76 90 93 78 63 47 15 31 91 34 90 50 91 52 68 60 99 72 78 29 30  7  7  5 22 64 87 61 77
 65 88 12 39 82 78 84 70 78 94 64 58 64 96 88 35 17 73 70 32 74 21 91  4 92  2  7 91 46 14 11 48 94 51 28 47 67 10 79 28 10 14  1 78 72 70  7 69 42 73  7 55 53 74 35 23 70  9 94 96 87 68 95 22 65 91 97 67 97 20 90 44 76 28  8 95 44 36 62 87 95 47 90 55 40 71 40 52 81 86 40 13 27 16 20 77 72 96 96 16 69 32 25 43 94 71 66 36  4 51 15  3 45 20 31 50 50 70 38 75 76 23 52  7 20 63 34 72
 89 76 97 32 18 66 81 19 18 50 64 27 78 56 33 69 52 78 92 10 42 35 92 43 87 31 66 94 57 55 13 74 68 73 58 77 32 52 50 81 20 52 26 88  4 32 92 69 73 98 87 28  3 28 66 31 56 24 19 87 56 83 48  3  5 82 13 58 24 61 15 46 45 79 88 50 37 94 89 69 75 22 62  1 91 96 62 43 98 84 21 79 49 20 62 25 20 71 13 35 92 11 23 53 11 81 55 13  3 79  8 21 89 33 59 96 22 57 68 66 81 60 55 56 59 37 99  7
  3  4  2 87 43 42 75 39  7 54 56 58 27 12 82 31 23 91 49 61 18 14 99 28 99 22 47 35 17 97  1 22 36 77  2 31 93 95  5 14  9  5 40 45 51 32 43  9 91 77 66 66 28  9 51 96 25  6  4 85  9 49 54 93  7 94 66 44 50 17 56 93 83 67 99 88 78 78 56 12 56 31  2 55 67 81 29 77 47 59 26 25 62 68 37 82 72 13  5 88 77 42 43 22 62 54 18 47 50  2 86 73 60 90 57 28 38 19 61  7 45 89 60 74 94 51  5 55
 43 47  7 89 91 68 25 24 49 26 36 40 70 94  9 43 16 84 69 35 21 31 66 35 10 45 46 94 36 25  2 16 35 41 79 77 17 11 97 35 24 96 98 12 95 62 79 50 98 50 80 93 46 41 36 96 50 32 69 12 53 35 67 50 90  3 96 97 92 31 72 41 58 69 18 33 69 74 17 17 59 52 72  4  7 99 94 51 15 96 84 92 93 47 96 15 62 53 57 81 56 43 22 33 76 72 97 17 10 71 28 27 94 79 45 30 47  1 20 52 46 52 15 45 88 88 52 58
 49 67  4 18 14 66 32 95 58 22 17 32 17  4 83 34 16 14 96 11 70  7 72 54 53 19 96 39 95 19 79 14 70 95 43 90 17 89 98 95 96 30 10 35 49 82 75 92  8 22 54 77 36 24 31 21 81 51 66 37 52 92 47 92 82 20 95 39 74 33 49 55 77 77 27 80 32 41 24 70 89 12 76 28 18 74 49 45 36 75 30 94 96 62 18 28 38 87 68 31 95 62 21 55 28 56 54 83 80 21 49 35 99 69 24 37 72 69  8 76 81 96 27 27 47 41 26 53
 48 95 40 18 61 30 22 56 40 17 58 33 61 57 10 69  8 58  6 85 78 59 11 17 28  1 65 89 75 83 54 53 96 96 89 23 92 31 66 54 43 99 54 72 89 32 77 38 40 98 89 56 52  1 26 33 19 50 40 96 68 96 13 80 64 47 29 85 56 42 21 82 33 90 46 47 59 76 52 70 47 76 43 34 93  3 23 63 49 80 43 85 38 85  5 21 85 99 71 75 71 86 31 50 68 14 15 37  5 84  8 22 95 52 19 57  6 64 64 56 28  6 80 78 19 29 51 98
 66  2 40 94 20 73 19 73 19 67 20 60 28  8 89 38 93 25 16 31 67 94  3 41 82  3 98 46 22 12 27 49 66 41 85 12  7 96 74 82 86 79 83 97 39 81  8 31 10 88 61 32 81 48 38 34 50 87  1 20 89 67 30 70 21 90 92 55 32 99 55  3  8 77 50 46 11 34 95 40 20 72 11 19 92 82 82 97 56 71 28 96 26 52 54  3 96 82  5 68  4 68 50 22 56 96 28 65 64 77 60 51 34 60 43 67  6 94 91  8 78  1 55 51 62 94 13 56
 46 38 50 62 60 38 24 90 64 74 93 24 79 16 82 40 28 22 46 39 61 15 72  7 37 81 31 28 86 38 59 76 22 99 25 53 10 46 92  9 53 31 64  5 81 93 50 52 48 13 48 59 29 91 89 42 85 71 55 41 61 55 24 80 85 19 58 97 12 13 23  9 32 45 85 10 20 43 32 72 20 74 83 28 65 81 18  8 13 47 23 77  5 59 28 57  9 62 87  7 24 61 18 39 84 77 35 48 38 41 39  3 59 34 92 23 19  1 22 52 95 28 24 67  9 49 78 43
 63 67 61 64 35 26  3 58  5 74 18 45 25 94 45 79 36 99 57 65 37  1 51  4 84 97 43 95 26 36 47 98  1 69 50 34 55 89 32 13 82 19 79 45 62 60 76 35 39 41 75 68 56 52 28 21 53 25 89 65 58  7  3 32  2 12  1 88  1 49 75 50 15 92 85 94 69 90 44 62 81 70 56 93 43 33 69 17 29 96 45 95 25 24 89 25  5 41  1  3 65 31 56  2 46 89 13 74 85 96  9 34 93 87 46 27  4  1  2 15 17  1 27 38 65 57 12 63
  8 30  4 81  3 82 22 77 61 89 24 51 54 23 17 69 82 82 52 16 94 55  3 54 74 41 56 36 17  6 36 73 29 93 36 71 18 25  8 54 17 56 61 34 20 61 28 79 23 63 46 91 67 99 49 42 25 18 99  4  7 15 50  3 77 72  6 62 11 86 96  1 80 58 80 29 40 19 78 75 34  9 35 13 79 89 96 93 21 30 83 40 56 70 57 11 82 92 52 22  2 55 21 62 47 77 98 15 94 38 61 46  1 80 75 30 28 57 34 90 58 84 91 62 74 68 26 63
 70 94 26 89 54  3 53 38 90 27  8  9 68 73 50 10 36 11 96 48 22 35 16  4 38 79 63 90 77  4 88 69 80 81 60 71 43 55 19 87 16 99 15 54 70 99 17 68 26 55 81 20 29 90 48  3 89 16 58 89 35 42 95 89 19 59 29 87 16 14 56 18 18 30 85 43 10 56  6 92 90 29 64 40 75 91 79 55 35 76 79 37 84  7 66 57 86 58 43 90 57 46 84 99 97 29 71 62 10 89 42 92 26  1 89 48 63 15  8 76 87 21 45 16 63 36 46 54
 66 26 47 25 59 26 12 19 89 96 48 85 36 63 29 14 19 64  9  9 74 57 55 11 91 21 29 63 34 89 63 56  3 74 82  4 71  5 38 32 79 13 52 28  2  1 99 41 99 78 83 20 44 48 40 86 36 19 52 88 33 56 81 80 59 46 44 36 89 44 46 12  7 36 12 52 35 72 23 69 97 75 77 67 80 74 97 38 99 20 49 23 97 65 47  9 70 26 78 93 81 31 39 52 58 19 14 56 20 50  4 88 65 16 92 89 52 26 25 85 40 51 47 34  6 60 68 87
  1 29 37 64 16 61 50 76 72 35 44 48 78 48 66 63 53 60 81 45 80 73 28 47 77 51 27 11 78 21 54 92 86 92 54 78 40 14 90 94 40 94 33 77 39 94 51 84 14 61  8  4 86 50 22 23 24 79 53  5 34 39 46 84 28 94 73 91 46 47 62 56 28  8 76 79 22 45 41 36 41 72 46 39 85  7 97 57  4 29 82 99 71 44 49  5 50 80  6 98 20 55 50 48 29 72  2 73 23 22 75 72 86 95 85 84 32 23  5  1 44  3 21 86 31 47 31 10
 30 20 41 31 18 69 46 74 38 37 62 44 28 79 46 99 82 63 80 36 28 95  6 29 91  3 91 25 52 84 78 19 83 95 18 77 56  1 95 71 51 53 78 90 99 68 97 54 52 69 73 55 46 91 15 34 82 87 69 22  2 15 88 22 43 26 42 36  6 72 67 67  1 54 30 41 94 28 79 74 48 60 59 23 48 51 90  4  1 97 90 89 28 73 66 80 28 38 95 56 98 85 58 99 42 20 86  3 28 46 85 23 68 87  9 44  7 59 28 94 77 96 15 46 10 23  7 94
 64 45 81 63 27 16 26 54 68 57 62 58 72  8 86 40 58 93 87 35 87 89 30 99  7 93 96 56 88 74  6 92 71 43 31 46 40 44 98  6 68  1 18 58 33 59 27 59 88 12 84  5 38 91 29 51  7 91 45 35 65 99 81 66 78 37 64 64  5 13 25 29 96 77 74  7 94 88 60 37  8 22 81 22 52 88  1 45 18 72  5 14 75 76 61 41  3  4 11 97 36 35 96 91 41 92  5 91 70 10 91 10 88 60 41 16 67 80 25 46  2 60 39 65 12 67 93 25
 39 49 89  2 54 63 70 51 25 18 94  8 21 31 82  5 29 69 98 79 93 16 35 96 28 53 55 57 48 37 36 52 38 60  6 61 84  7 50 77 20 19 81 54 20  7 38 67 25 29 52 23 28  4 18 43 30 54 37 32 23 88 10 79 82 10 38 56 88 39 92  4 37 12 85 40 45  9 50 30 86 81 78 72 46 95 18  8 11 77 14 61 93 87 41 74 43 31 71  2 15  9 85 85 92 20 40 39 91 32 10 81 75 11  4  6 13 75 76 90 88 56 73 55 14 53 26 43
 77 71 53 18 55 78 65 17 48 38 25 75 67 17 65 64 70 61 81 59 51 98 34 59 44 36 14 82 62  9 62  9 50  7 84 22 17 57 57 85 65 45 42 78 94 80 71 79 20 73 19 58 38 53 51 76 29 26 29 34 86 83 84 40 15  8 23 99 97 86 36 14 93 93 57  9 42 44 54 92 29 86 67 87 67 34 98 94 29 75 29 40 45 93 72  3 41 97 74 79 32 58 61 27 39 18 78 14 22 44 38 27 53 23  7 89 49 49 84 52 53 92 94 11 28  2 90 20
 86 49 90 55 69 89  6  1 33 28 11 80 87 40  3 57 78 53 52 71 99 62  1 10 45 98 82 21 90 12 76 13 74 39 40 72 37 87 75 19 15 27 72 79 21 71 56 90 94 17 19 61 87 77 61 96 91 92 81 22 79 70 96 63 54 98 77 67 70 22 55 80 16 94 83 16 93  8 51 81 64 42  2 28 86 21 34 88 72 70 17  2 97 83 10 40 76 43 98 86 81 79 79 92 77 68 65 15 66 74 15 48 77 28 15 22 99 99 72 62 92 17 50 69 34 98 51 78
  1 98 70 93 87 94 13 25 24 68 93 20 83  2 27 27 58 10 96 48 21 87 47 10 69 77 94 15 88 71 62 98 72 58 59 12  4 23 91 60 45  5 24 95 95 10 79 73 64 88 13 99 93 43 52 59 43 75 62 20 60 73 78 16 63 69 19 34 16 24 90 41 15 43  3  6 20 13 16 87 50 30 50 30 66 66 90 50  5 72 32 41  8 71 52 30 75 83 74 40 12 25  6 91 50 99 38 20 23 23 61 36 98 62 36 32 58 27 13  1 22 13 24 76 96 87 11 44
 10 29 75 22  6 49 82 80 36 61  5 77 18 54 63 63 66 87 27 83 28 72 13 74 59 14 93 57 85 34 75 85 34 15  3 54 86 86 85 80 69  2 89 76 47 52 49  8 19 85 81 70 55 45 10  4 47  9 45 38 28 33 57 59 83 83 67 28 16 92 88 73 82 82 68 15 38 86 84 67  2 74 28 13 94 57 53 40 88 41 10  3 83 40 28 95 62 61 44 41 22 72 74 77 88 56 43 96 88 34 85  4 24 89 44 90 41 66 43 38 29 94 62 50 15 99 30 65
 53 29 30 68 82 53 87 82 59 53 35 35 22 83 51 31 20 76  6 40 78 73 70 95 89 46 72 36 39 51  2  2 32 20 37 13 27  9 69 13 13 37 30 16 37 34 68 94 91 41 40 63 20 40 44 97 43 91 71 15 92 91 59 55 31 85 44 20 54 12 33 72 16 40 88 84 35 48 54 44 98 84 93 67 31 31 14 89 71 39 20 89 39 29 63 18 59 80  2 37 98 70 99 55 29 29 13 82 66 20 17 89 85 16 83 45 81 56  2 39 79 32 96 55 63 31 87 23
  9 83 84  7 72 40 45 84 75 48 26  2 75  5  4 77 85 30 82 60 29 75 76 17 13 36 32 52 36 35 42 46 55 42 18 76 59  9 11 47 76 56 45 90 64 95 42 16 67 75 45 23 37  4 26 28 27 89 79 34 96 25 99 92 28 48 80 83 56 71 35 19 28 23 94  9 60  9 66 68 52 82 82  8 33 58 43 22 28 87 39 94 64 43 44  8 44 41 12  1 89 80 65 40 81 32  2 40 87 44 49 90 64 89 76 30 24 99 42 22 64 61 97 18 47 53 55 26
 50 47 92 95 35 38 75 87 75 68 64  2 31 38 94 74 30 35 79 50 97 92 93 88 51 74 32 21 36 72 20 89 42 16 18 22 37 84 66 99  3 72 74 27 92 24 45 42 72 74 94 16 48 44  1 34  6 71 80 26 39 80 54 52 56 82 57 62 43 23  7 46 65 28 69 59 44 39 53  3 78 52 20 12 91 86 59 30 32 59 17  2 85 44 65 76 45 11 94 19 61 44 11 19 23  2 88 19 68 63 56 93 94 57 21 76 46 74 43 77  1 65 75 14 77 66 24 26
 47 95 32 99 86 90 41 98  1 75 97 81 26 93 99 11 55 94 32 73 33 41 78 31 19 12 25  7 79 28  8  6  5 87  6 93 64 24 81 80 65 78 33 40 10 16 22 11 17  3 49 59 61 45 36 98 88 34 71 60  3 74 48 56 35 10 64 56 91 11 45 99 23 86 79 85 38 23 51 41 91 92 14 15 95  1 23  5  7 54 91 17 40 51 45 71 92 75 56 23 85 57  9  6 96 47 30 69 69 65 91 94  9 33 80 37  1 99 55 69 91 35 27 34 66 53 37 94
 58 99 45 35 70 31 67 34 39 68 88 21 66 19 58  9 64 77  9 60 52 90 21 45 77 10 10 45 98 98  7 15 65 38 62 66 16 73 88 25 70 10 45 36  3 12 59 20 95 84 61 62 47 60 85 71 80 70 58 93 31 39 42 99 45  5 86  6 18 15 49 13 96 17 94 40 95 65 72  1 66 10  7 23 61 96 55 40 34 48 98 82 60 10 10 62 57 60 38 57 97 91 30 52 87 82 96 67 55 11 42 45 18 69 99 64 10 66 50 12 24 97 40 49 42 58 12 34
 95 10 71 19 30 38  7 17 96 38  9 34 49 45 34 45 10 39 20 55 26 95 95 31 82 86 38 76 46 58 18 65 88 36  4 58 85 63 53 65 93 71 71 50 48 92 32 29 54 80 30 31 18 45  3 98  4 77 51  8 48 40 42 13 65 80 69 21 62 42 85 51 91 46 47 11 17 13 26 94 32 32 35 78 55 87 53 49 82 15 36 95 33 94 75 83 10  4 55 70 17 33 16 92 71 76 20 72 70 69 61 15 64  2 74 33 87 13 29 28  8 57 56 36 33 66 98  2
 15 43  3 48  3 67 58 28 83 49 40  9 93 57 24 47 35 12 97 80 32  7 34 64 76 47 52 34 41 83  9 31 10 57 40 12 70 57 94  7 29 26 19 36 17 22 30 43 58 52  2 29 73 72 42 65 29 98 46 25 93 16 90 45 84 53  1 96 57 43 67 93 74 44 98 72 31 33 49 21 80 56 23  6 37 76 68 40 77 55 76 39 56 74 78 42 27 22 62 11 87 55 50 87 92  1 35  2 44  2 95  5 99 90 60 74 50 95 70 15  7 65 74  6 65 65 19 42
 15 58 95 18 98 57 27 82 36 79  9 15 80 37 83 50 82 96 24 37 38 73 99 28 15 65 17 79 42 47 67 65 99 23 14 96 82 43 45 61 91 33  4 68 29 65 86 52 36 84 82  9 39 85 60 75 46 93 71 10 13 36 81 95 56  9 74  8 13 11 57 55 39 91 50 87 90 74 28 89 47 14 58 20 31 20 64 26 66 63 25 65 15  2 70 64 74 25 39 92 83  2 95 78 55 78 90 81 37  3 50 82  7 17 37 34 66 13 28 30 85 91 27 58 62 69 88 20
 51 90 35 38 88 10 16 34 17 57 64 11 40 38 79 59 32 93 12 54  4  2 25 90 82 59 18 62 59  2 75 81 68 35 89 61 52 38 85 47  5 27 48  4 47 18 25  1  3 64 17 93 91 95 52 10 51 89  8 33 15 47 43 57  3 16 62 77 13 21 20 51  4 39 55 72 63 51  7 89 53 37 64 38 81 68 43 40 34  4 94 18 74 29 40 11 94 28 16 75 26 35 47 93  4 67 95 67 61 37 21 27 40 94  7 22 72 54 37 90  1  3 31 21 21 44 10 30
 45 24 78 74 91 13  7  7 21 37 80 99 55 69 23 35 18 47 32 30 89 72 66 47  9 16 20 35 35 45 33  9 68  6 52 34 56 12  1 23  1 53 21 24 71 15 37 56 39 11 11 83 13 21 88 16 50 96 83 66 24 36 21 14 57 73 61 56 83 97 59 63 68 39 53 23 24  8 71 15 36 86 87 53 21 48 26 65 90 39 76 47  7 89 84 69  5 21 36 76 57 12 14  8 69 77 54 86 56 81 66  8 21 80 45 97 11 43  3 93 44 67 22 51 64 78  8  8
  3 73 76 10 51 23 12 36 59 93 27 54 36 29 45 67 59 59 71  9 47  5 99 44 90  4 26  2 89 96 47 56 41 44 50 78 45 27  7 18 60 38 10 24 41 34 10  3 90 87 97 73 21 22 82 38 88 46 87 26 58 12 41 66 46 96 22 55 54 30 61 12 28 73  3 37 65  3 70 26 89 97 64 77  1 21 64 52 56 43 35 67 49 80 49 11 80 32 16 45 81 57  5 57 71 75 34 49 97 87 96 48 64 54 22 12 51  5 20 78  7 65 54  6  3  5 26 83
 68 94 61 68  9 73  6 67 77  4 67 66  1  9 67 23 49 51 94 27 29 13  4 49  3 41 21 53  6 24 21 43 14 88 90 93 13 60  8 11 72 57 96 66 20 52 63 48 79 93 87 13  1 29 21 55 84 61 66 32 78 62 18  8 21 96 71 18 64  9 27 10 20 54 18 75 77 10 96  7 72 99 59  9 21 71 78 41 21 54 72 85 73 70 88 46 27 23 37 29 47 87 14 14 14 89 69 76 45 48 39 21 65 23 24 34 95  8 68 30 76 77 18 31 67 63 12 73
 34 97 34 74 78 98 67 23 96 68 77 77 73 91 76 44 18 24 53 12 11 72 64  2 55 15 41 46 65 32 90 94 78 94 34 48 54 99 66 67 56 95 38 19 46 43 17 28 15 76 80  6 27 56 22 17 95 74 59 63 44 40 45 34 11 87 69 55 89 89 34 31 30 35 47 16 65 43 98 63 48 47 27 13 19 42 93 53 53 12 15 84 75 59 77 25 45 34 17 37 96 77 33 93 81 79 41 71 64 98 87  7 88 84 86 45  7  8 57 61  9 55 44 53 57 49 43 46
 12 90 33 76 64 20 45 99 16 92 63 93 97 93 67 73 44 57  2 29 84 70 40 71 16  8 96 23  4 72 55 47 10 55 56 83 38 60 42 46 29 32 98 53 80 39 54 72 67 35 51 55 14 44 68 38 57 37 39 83 81 25 37 98 61 93 39 18 60  2 28  1  1  6 48 26 95 54 11 79 82 92 22 60 89  4 61 89 40 23  3 76 92 86 50 45 46 12 37 19 67 32 12 24  2 77 24 38 81 52 54 75 19 40 73 39 49 67  5 36 63 83 99 87 99  6 10 19
 34 18 29 39 39  8 80 33 78 15 47 80 81 54 12  7 69 53 28 68 98 41 21  4 69 50 32  9 67 10 58 85 43 92 37 34 21  1  3  9 58 36 37 48 73 38 73 89 12 95 61 91 39 76 78 15 83  1 51 84 87 51 23 61 49 98 81 36 46 39 55 70 78 44 37 96 66 53 27 64 70 23 53  5 22 61 95 21 40 79 64 59  6  2 82  4 92 62 96 55 31 96 56 22 44 66 90 28 18 48 49 33 81 43 27 61 20 53 94 89 47  9 32 85 34 49  3  3
 89 78 48 40 92  3  6 65 75 68 67  7 60 13 66 23 30 55 60 59 55 49 22 62 67 34 18 83 21 94 75 62 49 65 69 73 85 61 73 56 17 51 29 42 11 22  1  2 97 13 61 88 13 17 78 54 93 61 40 66 49 26 21 22 40 53 21 20 20 83 82 11 17 55 61 25 91 57 19 78 74 16 39 35 53 37 73 23 69 72 92 91 32 72 67 17 61 26 58 33 20  8 97 86  5 32 80 36 11 69 49 57 45 83 44 70  2 36 79 15 36 73 46 69 81 28 11 20
 14 22 98 82 67 66 11 55 61 83  6 44 74 11 37 50 85 45 22 41 40 73 54 20  3 63 43 11 14 99 90 68 78 62 19 38 44 44 17 26 66 63 57 83 89  2 12 23 78 69 19 70 57 85 78 33 27 27 30 91 96 67 62 24 73 95 83  4 10  8  3 92 69 40 21 47 80 33 63 44 67 12 46 90 13  3 34  7 84 80 46 85 34 62  5 94 16 64 54 83 30 61 97 83 49 25 51 58  8 86 65 45 91 21 38 20 67 14  3 65 30 37 11 50  6 34 33 20
 34 60 73 36 93 82 56 87  6 69 73  1 75 65 77 85 83  7 86 90 27 33 91 10 40 68 25 91 60 11 27 75  7 39 31 98  9 60 29 42 82 11 27 43 27 17 26 70 30 40 54 15 41 68 15  5 21 25 51 39 17 52 75 68 10 84 88 83 41 95 15 22 48 15 19 32 60 71 89 32 28 29 92 80 10 94 29 48  4 43 70 25 16 43 69 13 18 58 64 44 72  2 15 25 22 33 75 32 66 70 42 78 83 78 57 83 48 64 39 43 47 75 84 47 29  1 74 58
 96 97 97 43 48 60  2 66 24 84 88 66 86 20 63 37  3 44 95  5 69 79 82 62 71 76 94 92 66 99 76 25 57 14 34  3 84 74 17 84 64 20 52 30 79 94 52 12 95  1 15 68 60 38 15 73 67  8 36 95 47 75 27 80 53 22 92 10 34 70 60 45 58 54 96 56 65 43 91 10  4  3 22 27  4 44 78 20 85 57  6 30 47 97 56 86 50 14 33 52 62 17 70 86  6 23 51  2 13 96  8 35 29 25 20 91 29 33 95 26 95 80 46  4  5 23 84  9
  4 52 49  9 72 89 47 11 23 71 93 71  8  3 86 49 62 48 96 12 23 76 34  5 19 36 88 71 16 16 80 12 44 51 27 48 12 95 86 99 98 47 39 34 66 26 71 70 91 80 69 42 26 31 52 39 83 37 56 77 60 19 51 57 65 14 95 93 51 68 83 55 90 50 11  1 99 13 12 62 19 69 17  5 17 29 99 89  8 19 32  2 45 74 69 42 59 33 69 74 87 83 34 39 94 21 23 82 19  3 38 22 32 83 45 88 21 31 18 82 29  6 84 27 37 12 75 81
 71 58 80 87 17 89 93 36 83 72 85 98 19 51 20 63 36 16 54 92 23 58 22 23 17 79 86 37 39 38  5 55 65 16 52 29 86 31 77 24 88 73 81 43 69 63 18 26  6 50 34 80 26 82 88 50 94 52 61 96 73 60 94 60 64 81  7 31 93  7 85  3  9 78  3 33 53 92 71 93 96 23 22 81 91 81 83 66 97 68  4 89 39 46 86  1 83 82 51 55 52 96  4 29 46 10 75 79 12 78 60  6 56 14 39 63 86 15 95 59 12 83 76 18 12 93 54  2
 78 37 76 64 27 56 22 92 20 66 10 63 88 19 35  2 87 44 92 33 32  6 92 46 31  9 62  3 56 23 69 57  6 54  2 84 56 71  9 87 93 35 52 13 39 47 10 75  2 15 58 37 91 11 66  7 45 64 89  2 89 13 85 39 13 88 13 98 76 23 78 44  2 23  8 34 90 49 33 46 28 79 19 70 62 41 44 51 87 25 48 66 76 21 14 36 51 18 57 96 26 97 67 77 33 20 75 93 87 75 75 80 83 71 21 21 63 17 31 32 51  2 77 45 53 45 96 14
 85 91 39  8 18 32 34 50 23 98 65 76 90  7 47 67 84  3 50 61 58 70 72 48 12 11 24 66 78 98 66 52 88 89  9  4 86 21 99 10 91 96 66 58 59 92 76 30 84 91 40 79 37 85 93 46 29 75 64 53 29  2 36  1  5 94 39 93 20  6 98 56 53 99 46 79 53 60  7 48 95  3 41 47 50 14 28 85 53 13 75 65 41 63  7 17  8 47  2 66 46  2 50  4 25 71 57 59  2  4 13 62 91  6 48 61 92 19 87  3 26 62 23 97 23 15 15  1
 13 67 70 22  4 45 54 71 69  4 88 54 55 29 31 53 79 67 57 45  5 19 79 39 91 76 15 56  3 46 65 36 50 65 45 48 72 28 74 99  2 82 10 47 31 92 45 13 59 53 75 30 82 94 46 69 49 86 36 64 94 86 27 34 69 81 34  5 93 32 49 22 61 39 57 91 25 13 88 65 23 98 92 16 43  3 13 14 37 57 40 52 37 55 22 94 17 71 99 90 85 68 61 99 64 38 66 38  9 22 46 52 36 87 47  2 15 38 18 46  4 77 18 41 64 15 46 35
 68 29  1 52 36 26  1 22 77 85 48 28 89 29  8 87 11  3  2 79 50 39 17 81 34 90 29 78 23 74 43 49 89 83  4 74 81 46  1 62 37 20 24 18 84 29  8 54 17 91 77 13 54 91  1 33 63 22  9 92 78 81 76 54 13 65 66 46 58 28  7  4 53 35 81 99 83 71 57 23 51 47 21 45 87 21  2 88  2 93 71 27 39  1 81 84 32 65  8 82 58 91 68 97 22 21 85 96 85 35 85 94 74  1 99 73 79 10 56 48 58 35 99  7 92 14 90 86
 63 41 77 24 45  3 19 97 88 89 66 87 51 29 54 75 37 35 42 99  3 51  1 91 98 80 53 50 55 42 12 79 35 31  4 71 85 72 83  9 73 75 48 85 87 28 44 35 21 45 48 52 19 19 69 70 38 65 52  1 90 65  6  7 69 99 15 94 51 22 42  7 45 57 65 51 47 55 74 37 12 41 98 53 33 15 47 92 52 52 68 80 36 26  5 48 46 12  6  9 28 18 17 44 19 39 43 85 77 55 62 13 26 36 10 12 23 17 43 42 78  3 60 96 69 84 58 12
 96 43  8 80 77 89 85 45 90 12 37 58 26 13 40 43 19 30  3 13  3 18 95 21 65 20 12 89 87 28 59 30 94 33 20 34 83 44 59 66  3 73 66 58 61 99 86 53 92 89 43 14 39 14 68 79 47 16 39 82  1 76 37 87 12 92 88 82 13 73 16 21  1 42 70 13 87 69 33 53 92 93 36 17 81 41 27 75 60 54 91 16 75 73 36 68 58 48 65 93 63 69 30 97 69 74 75 14 14 32 39 93 91 24 35 30 17 99 76 88 56  2 84 85 79 95 20 76
  9  6 51 87 23 97 46 48 20 51 60 72 95 97 55 38 59 44  9 35  3 88 81 39 70 89 73 10 42 46  7 93 75 23 23 94 82 35 84  9 91 86 25 50 90 11  5 23 74 31 99 49 63  8 85 49 53 38 22 88 92 54 43 96 35 58 17 31 42 61 73 51 97 39 44 66 92 18 35 82 55  7 36 64 74  8 59 66 68 39 50 77 94 87 11 44 90 24 10 44 30 64  1 39 63 45 80 55 94 30 52 82 76  4 43 66 60 48 73 94 85 89 37 47 76  8 42 84
 52 86 55 65  6 77 39  9 10 71 43  5 98 37 50  4 81 35 49 68 86 41 91 76  7 50 56 59 96 37 16 15 85 85 11 35 76 71 51 30 55 98 61 25  9 56 67 62 96 87  5 69 16 13 43 11 26 87 15  5 82 84 99 20 92 17 48 23 91 97 83 28 87  3 59 80 25 36 53 37 73 69 47 47 78  2 32 62 16  3 77 37 75  7 92 35 39 97 80 16 42  6 78 97 85  6 28  4 90 90 25 99 70 79 14 76 34 51 74 61 57  1  4 17 25 10 77 33
 18 93 98 41 63  4 28 78 52 49 53 93 14 63  9 63 21 74 59 93 77 71 48 27 46 10 48 67 81 73 52 72 86 99 56 13 92 33 66 33 45 17 27 38 85 52 20 53 54 61 49 75 15 95  7 39  2 42 27 90 77 67 56 57 76  7 44 76 91 48 97 55  3 40 53 50 67 12 96 77 40 44 79 10 56 12 87 83 42 54 97 82 30  9 81 37 28 94 38 81 56 85 90 95 80 55 52 18 33  2  1 35 78 81 53 21 88 76 80 66 74 40 43 69 12 66 35 74
 43 78 81 38 13 35 96 19 78 43 24  8 45 42 78 93 57 51 62 55 65 65 26 21 83 70 94 24 73 19 43 17 37 49 27 81  8 51 48 58 27 87 36 94  1 25 99 83 39 21 88 54 56 63 62 65 51 13 38 61  6 25 24 47 94 99 61 95 88 21 97 39 38 91 10 63 76 73 77 47 47 71  7  5 97 87 95  7 94 22 44 86 97  3 44 48 15 24 16 95 39 76 94 84  6 42 81  4 18 88 16 25 82 28 33 46 57 39 48 52 11 99 38 27 21 20 15 79
 28 19 52 12 75 50 79 19 42 89 83 96  5 42 60 51 97 45  3 43 86  1 25 32 52 24 48  6 86 68 19 60 90 82 24 49 79 68  1 18 88 37 23 45 86 53 42 30 38 40 26 83 65 57 75 66 94  3 10 30 57 86 51 85 58 58 33 18 55 17 45 48  2 98 34 24  8  1 55 33 67 11 89 53 55 33 13 39  7 21 37 37 47 24  3 52 29 68 32  9 96  8 17 90 69 89 18 95 71 50 18 36 92 38 45 20 97 79 17 29 91 93 59 63 51 57 93 22
 92 46 10  3  7 22 43 58 36 14 99 14 64 72 14 70 68 83 41 85  7 34 99 48 29 35 79  9 96  5  2 36 86 16 39 90 80  2 98 85 11 76 90 74 83 21 31 80 35 58  8 45 45 95 27 36  7 84  8 63 75 20 55 41 34 38 23 58 26 77 99 71 35 41 88 48 76 62 99 83 44 52 57 50 16 98 48 42 41 43 58  6 60  6 75 52 88 66 27 19 52  4 82 16 98 54 52 92 77 46 49 17 20 75 85 60 78 84 55 45 27 88 84 26 45 16 60 27
 25 73 84 43  6 20 92 13  5 50 31 40 44  4 51 60  9 78 22 30 72 76 65 72 66 74 58 30 54  8  2 89 52 80 69 66  1 36 27 89 84 97 30 17 33 57 45 78 67 53 24 64 67 62 51 22  1  2 54 18 64 41 23 83 52 41 77 25 60 69  1 11 75  3  6 86 95  2 96 75 97 81 41 60 70 89 67 22 66 94 89 57  3 73 99 47 14 42 76 20 68 37 30 13 47  3 77 37 58 47 63 90 21 87 39 97  6 13  1 59 69 97 62 36 41 11 16 94
 18 47 85  3 24 62 19 85 60 36 95 73 65 38 69 22 63 39 63 42  7 40 82 83 69 65 71 40 81 93 27  5 83 33 90 60 35 51 21 16 83 62  1 84 50 65 85 42 33 28 44 42 76 50  3 98 41 64 10  4 11 70 78 39 16 56 63 96 93 66 44  7 46 48 15 72 31 92 24 32 68 93  1 88  5 28 24 76 72 90 20 18 43 59  5  4 17 48 24  6 71 57 78 59  3  4 49 17  9 68 50 98 22 11 12 29  8 38 76 80 62 54 94 48 62 24  8 71
 63 29 50 77 59 53 63 54 57 74 78 77 41 97 15 72 56 18  1 20 91 67 80 48 57  5  1 99 79 50 37 91 79 24 30 80 11 88 46 45  4 82 26 84 57 90 74 30 47 32 64 99 19 66 49 16 79 75 84 68 13 30 31 36 70 36 26 17 55 54 82 82 76 27  2 19 27 39 54 46 40 36 38 77 42 83 50 70 68 72 87 75 59 10  6 70 44 77 20 50 94 27 65 72 61 40 57 38 51 54 57 70  6 83 32  3 42 85 24 94 37 24 51 38 52 64 46 53
 20 72 65 59 33 19 13 93 21 22 75 32 39 22 92 41 12 30 30 34 57 10 72 13 83 14 39 40 67 17 79 16 37 29 42  1  3 12 53 64 16  8 55 28 92 68 31 73 26 94 28 42  7  5 35 59 13  1 50 29 52 35 74 91 14 22 24 18 25 40 59 74 21 75  7 45 14 76 96 67 31 28 32 28 67 83 41 95 28 98 94  3 81 58 80  7  7 15 49 69 65 57 15 17 12 49 98 64 87 28 44 51 41 50 79 28 33 86 66 21 42 35 77 39 58 29 48 62
  6 39 75 55 73  7 59 12 14 67 66 29 86 24 87 63 82 70 36 14 50 58 63 33 92 56  1 70 68 51 37 28 88 88 49 23 61 35 55 73 49  2 60 42 26  1 58 10 29 97 12 88 81 75 67 62 76  8 36 62  5 46 48 49 87 93 83 99 47 42  6 63 87 81 35 37 57 31 40 68 60 21 60 98 29 63 40 56 61 82 51 68 67 68 12 86 65 65 94 12  4 21 61 93 84 20 17 47 34 23 81 41 96 15 22  5 17 99 31 15 68 88 49 59 41 51 14 78
 96 44 65 91  1 49 39 38 51  6 49 34 48 77 70 76 62 53 47 73 34 45 26 85 28 51 94 71 83 20 64 36 64 16 34 26 12 54 35 14  1 95 99 91  7 69  8 75  8 38  6  8 75 13 89 86 38 58 61 36 50 18 37  3 84  6 29 47 14 42 88 52 41 75 59 19 48 20 51 52 64 57 53  9 67 13 41 13 14  4 50 31 72 59 55 55 37 73 63 86 19 62 69 54 60 37 42 51 74 41  9 13 69 13  3 33 73 98 72 38 37 35  9 41 54 14 15 40
