64
 14 91 44 94 63 37 81  1 35 54 43 62 94 92 18 65 19 64 73  6 75 99 24  4 55 12 12 41 50  8  7 94 22 75 52 63 72 43 70 94 43 61 92 85 68 36 33 42 72  8 25 23 38 63 72 33 51 28 32 78 45 19 68 40
  2 79 94  7 87 19 67 26 87 71 62 96  9 38 94 36 97 58 51 43 31 49 54 26 23 49 54  9 73 16 99 43 42 69 35 37 70 37 32 22 34 60 26 84 74 52 22 34 91 86 90 29 80 91  1 53 77 91 38 55 78 27 29 23
 42 66 20 28 72 22 54 69  5 93 61  4 56 60 53 14  5  4 52 21 55 66 38 17  5 74 34  2 23 73  2 80 35 64 16 50 23 81 65 97 64 26 66 22 36 12 51  4 28 44 40 19 42 13 40 24 36 33 50 58 18 90 87 23
 72 21 16 67 48 96 99  2 51 35  6 14 55 65 99 99 89  9 17 76 25 37 51 33 88 33 71 57 81 52 39 60 58  8 69 73 91 28 50 66  7 13 87 90 64 20 75 41 80 47 78 79 24 84 78 10 75 77 88 44 61  6 93 72
 87 87 98 63 92 12 45  4 93 50 86 18 82 44 69 40 84 39 10 66 40 17 17 40 76 42 87 73 95 98 73 83 65 20 40 95 84 94 75 49 86 84 89  5 35 65 94 22 28 14 77 83 62 67 49 25 75 17 67 28 10 79 98 75
  4 65 12 41 53 48 17 76 76 83 26 59 49 59 65 65 58 46 39 91 15 46 59 60 12 32 91 90 77 70  7 39 67 44 41 62 55 92 80 28 52 11 59 95 68 16 13 33 57 58 40 76 80 41  5 99 33  1 65 93 72 36 22 37
  8 60 37  6 69 77 14 38 87 17 89  5 62 53 75 54 26 13 82 47 48 53  5 50  8 19 68  8 65 89 74  7 58 87 25 98 46 87 69 37 27 85 28 45 16 98 58 30 21 64 96 63 95 60 28 48 78 43 16 49 67 45 34  2
 34 35 52 32 42 27 89 77 52 64 46 26 29 42  7 86 50  2 99 69 71 68 74 19 30 33 76 31 55 96 41 82 26 47 74 35  3 76 53 36 70 25 60 92 10 92  6 71 65 60 43 93  2  8 54 55 75 59 10  9 15 13 31 31
 84 96 73 24  4 92 59 44  6 99 46  6 99 45 79 22 65 28 28 83 42 84 51 35 63 26 43 78 20 53 76 26 50 27 41 15 85  1 67 55 67 73 21  8 44 86 25 84 19 94 41 45 45 35 71 90 98 56  1 80 63 89 97 94
 55 57 39 34 39 25 72 43 26 16 69 78 53 66 63 16 76 49 70 30 12 94 40 90 63 78 50 32 43  5 30 73 89 56  9 29 75 13 99 72 31 91 42 24 81 70 99 47 24 92 31 19 77 93 81 33 50 81 76 11 72 29 38 45
 61 23 44 54 81 51 79 68 48 82 76 58 65 81 56 69 42 52 93 23 24 81 90 30 68 26 40 22 44 79 60 17 75 97 73 81  3 85  5 83 68 18 66 33 53 12 14 51  1 69 16 22 49 25 20 74 84 91  4 99 61  8 90 70
 69 70 88 69 89 14 73 58 83 26 11  1 30 68 54 51 13 54 12 39 95 43  2 77 76 67 52 30 51 81 83 91 83 44  6 73 87 31  6  5 56 50 89 91 10 12 16 54 68 59 95 93 15 87 82 38 10 95 77 42 48 43 51 47
 70 67 45 27 20 72 13 64 92 96 58  3 45 30 82 62 20 34  7 39 32 38 73 51 20 67 92 21 98  6 34 55 68 10 52 90  3 18 18 16 72  9  2 98 66 44 82 37 52 18 24 39 64 88 33 53 93 45 70 91 11 18 92 63
 22  1  8 86 45 35 87 46 90 97 24 35 88 33 78 77 80 73  2 31 42 89 93 34 76 36 21 39 45 31 44 46 58 51 38 85 22 31 32 38 37 47 47 55 25 78 11  8 18 86 66 68 45 81 56 45 90 19 52 54 90 59 41 38
 57  9 13  8  6 48 81 46 30 33 67  4  9  4 12 84 69 93 59 50 27 96 29 96 91 46 88 56 97 69 41 36 57 59 64 71 80 29 26 76 89 74 55 88 47 58 56 95  2 49 98 13 97 64 79 48 84 66 51 75 97 63 15 43
 38  4 82 14 44 35 95 30 19 67 82 64 10 48 48 93  9 61 94 27 31 94 82 29 78  4 81 57 15 45  4 18 99 40 33 46 30 44  6 62 86 62 54 29 95 69 78 34 22 80 82 32 83 11 35 21 97  1 21 28  5 54 44 65
 17 70 96 42 94 79 98  1 82 98 51 11 49 35  9  8 96 36 58 23 51 58  8 21 69 40 96 38 63  2 31 14 36 76 64 69 29 35 63 30 69  7 87 56 20 42 31 87 63 32 97 72 37 45  7 52 17 92 99 45 41 58 68 96
 75 92 15 66 78 23 94 68 72 23 53 63 93 96 29 12 27 30 87 41 19 87 13 20 81 63 14 55 76 42 62 72 82 57 22 41 10 61 13 42 24  2 45 98 29 64 66 94 24 75 16 83 51  6 10 13  8 71 24 69  4 57 59 72
 48 80  4 44 81 22 45  4 69 44  7 71 94 74 70  8 10 83 59 54 21 22 81 81 63 61 39 45  9 69  4  1 88 29 88 67  5 67 65 41 52 52 97 49 21 79 10 70 65 64 40 26 83 33 72  4 40 43 48 27 65  1 98 28
 14 32 78 54 37  2 26 61 92 33 83 96  7 55  2 11 58 71 60 34 27 63 47 22 31 70 66 74 42 21 21  3 28 85 78  6 56 87 93 57 14 90 27 11 29 42 49 33 44  6 87 20  7 59  6  4 77 20 90  3 44 26 41 33
 12 78 81 95 37  5  6  9 49 66 89 91  9 54 50 93 26 83 73 85 89 12 41  7 27 77 89 49 23 69 59 66 85 44 33 60 80  8 89 49 70 66 34 65 61 79 88  2 71 30  7 84 34 96 94 92  2 57 74 42 69 75 68 98
 88 19 36 48 52 61 60 66  4 77 81 31 26 23 61 15 67 22 86  8 12 55 68 95 53 64 67 21 76 16 53 91  9 37 64 77 56 75 82 49 80 16 24 50  3 34 50 89 65 60 63 93 69 72 79 12 15 18 99 28 40 68 36 32
 57 28 46 14 83 18 95 55  9 91  8 15 59 68 26 73  7 81  6 88 11 24 19 19  4 56  1 84 91 70 75 21 61 66 44 46 11 88 88 80 86 79 81  9 47 66 92 92 96 34 47 27 95 88 81 12 29 12 26 15 39 20 10 81
 63 15 26 52 65 12 28  2 93 78 67 79 71 67 56 95 66 41 43  1 44 26 77 19 26 19 78  5 44 83 10 43 29 47 28 92 37 10 56 37 54 59 67 68 93 29  9 74 36 13 42 69 22 87 32 24 42 92 61 12 45 18 69 97
 11 23 51 90 90 14 33 72 95 92  6  5 52 93  5 97 32 71 27 15 86 37 55 65 17 48 63 52 48 78 36 57 99 36 90 38  1 73 91 91 46 38 78 76 61 45 25 56 61 72 69 55 89 10 70  2 71 15 11 24  5 72  6 39
  3 31 26 38 91 93 19 97 37 88 10 85 22  5 53 44 36 42 12 33 35 71 43 74 24 61 48 69 78 62 91 14 61 53 59 72 51 97 71 59 77 99 35 63 53  2 38 83  2 88 89 80 85 49 42 98 70 35  8 27 24 23 56 15
 18 76  3 13  8 77 92 35 46 90 67 85 66 87 44 52  6 29 34  8 69  5 11 70 17 27 71 92 52 56 95 94  3 23 25 77 72 63 97 30 92 29 71 98 18 95 88 13 66 91 38 22 58 58 53 79 10 49 47 81 84 36 93 87
 57 86 51 69 53 54 99 39 37 53 76 62 56  4 44 45 38 32 64 41 25 48 93 19 12 16  5 61 54 97 42 80 34 26 31 45  2 41 28 14 81 13 46  9 62  1 20 70 60 49 14 18 40 22 95 26 74  6 91 12 35 65  9 35
 61 24 41 43 51 93 59 89 32 23 21  2 44 55 53 44 74 11 58 92 19 90 94 41  9 78 61  2 41 45 98 68 66 49 67 76 93 87 73 63  3 27 36 91 99 96 80 73 50 95 75 85 47 70  7 26 31  7  8 23  5 35 31 40
 81 74 65 69 18 87  6 16 54 34 68 35 60 84 16 21 51  1 86 96 33 19 86 75 88 24 65 85 32 32 11 59 66 11 79 25 90 71 31 68  1  4 85  7 30 80 12 39 45 85 71 35 75 22 83 54 57 57 30 24 83 98 70 23
 49 17  1  6  8 68 39 47 48  1 77 39  6 76 81 76 15 14 25  4  5 47 26 49  8  2 87 82 91 34  4 42 29 51 89 88 51 36 94 85  1 39 68 78 59 94 39 31 54 35  7 34 98 68 13 50 22 90 57  9 11 88 86 97
 45 30 31 56 33 32 67 70 92 71 56 60 24 27 80 52 48 71 41 79 52 13 68 57 37 92 67 27 45 37 24  9 23 27 71 87 24 61 86 95 77 60 38 28 21 88 62  8 60 80 12 26 50 80 61 51 34 84 61 73 88  9 25 68
 49 56 35 39 45 10 87  8 32 89 60 15 81 43 81 96 39  6 58 16 11 14 33 19 51 60 10 37  9 60 15 85 82  5 99 49 98 35 66 60 80 21 34 87 21  9 43 28 12  6 10 75 23 53 11 82 44 78 59 96 90 94 13 73
 28 63 50 57 44 39  5 66 64 35 87 32 10 30 19 41 33 75 49 48 51 69 44 96 13  9 25  4 66 35  9 44 71 21 36  9 23 83 36 94 87 58 19 90 30 29 27 34 53 83 42 66 53 73 17 46 71 87 48 38 54 83 71 11
 59  2 89  9 89 55 25 79 30  1 84 34 96 11 52 43 92 27  6 48 14 24 72 87 60 34 61 50  7 13 21 85 95 73 24 96 54 15 90 24 96 78 58  2 81 93 52 32 56 48 27 55 27 97 55 78 73 91 35 75 41 92  5 30
 74 84 80 23 46 53 53 96 66 64 15 84 91  7 44 77 66 53 71 93 53 19 17 87 61 72 79 81 12 24 61 72  7 69 24 16 25 51 76 33 96 19 88 65 93 81  3 96 97 38 37 18 26 31 53  2 35 28 31 90 99 61 26 15
 60 86 27 28 96 54 64  5 96 19 93 79  1  4 21 17 60 45 56 82 76 74 41 36 98 17 46 55 62 86 81 99 72 62 58 59 84 63 63 34 12 80 68 84  9 57 13 87  5 57 89 87 60 83 98 34 92 96 82 75 95 62 49  9
 70 70 34 26 89 71 51 28 32 52 17 68 45 87 23 52 30 69 51  4 33 52 82 11 44 16 47 72 76 86 28 27 86 66  6 76 37 86 32 80 40 57 98  9 37  5 98 23 65 28 67 74 25 93 43 48 59 98 93  7 67 27 79 29
 21 56 15 99 93 55 24 45  6 70 45 56 31  7  8 27 74 40 31 21 32 19 90 89 74 55 67 64 15 55 89 65 15 60 66 77 84 89 98 57 48 76 54 21 83 59 11 92 85 86 87 50 48 31 95 38 53 50 93 99 28 96 60 99
 66  1  7 19 11 71 64 35 53 38 81 87 70 23 92 74 58 98 57 83 68 25 37 86 17 66 94 55  3 31 16 92 30 63 19 22 47 60 31 53 40 23 47 85  1 64  7 34 37 90 64 66 58 44 17 41  6 53 22 45 21 29 83 90
 10 24 12 52  2 95 44 97 58 75 11 58 60  1 92 81 41 97 25 52 29 20 39 16 46 42 89 33 61 89 57 95  6 50 85 27 36 25 74 95 18 49 25 58 15 44 27 59 71 15 29 67 56 89 43 83 24  3 58  5 75 88 48 68
 65 17 85  8 19 96 15 64 26 15 24 91 23 51  7 49 65 16 31 59 79 62 69  9 94 54 59 37 91  7  3  1 40 85 71 38 94 43 34 80 65 90 41 97 77 26 39 51  4 38 54 44 89 38 54 57 90 40 25 24 18 59 12 69
 23  3 73 57 69 33 87 83 21 54 77 65 33 83 28 69 61 74 91 60 14 77 12 93 73 29 63 93  8 47 87 41 96 41 69 33 78  5 11  6 85 98 84 49 15 73 57 89 27 79 95 92 51 46 93 99 82 14 81 40 64 66 83  8
 12 73 64 99 56 85 41 43 77 95 40 78 56 50 81 62 40 77 57 98 83 91 65 85  8 19 57 27  6 29 80 64  7 98 87 27 21 74 21 37 54 98 22  4 19  2 11 96 22 81 79 77 60 59 16 36 61 22 37 69 16 73 86 88
 89 13 57  3 17 81 22 90 86 43 10 34 84 95  7 61 48 28 55 29 52 33 26 98 56 46 23 36 85 10 44 42 88 68 91 57 36 72 82 21 74 25 75 74 83 67 33 43 56 25 13  5 11 65 22 49 81 40 50 37 69 34 13 36
 45 73  4 79 43 37 44 23 83 31 34 98 57 95 17 87 98 55 71 29 56 27 77 32 85 93 86 70 26 39 52 78 13 11 61 82  1 40 72 33 23 22 71 37 69 68 51 75 80 51 97 50 25 48 13  9 22 62 15 94 69 83 79 40
 70 54 72  8 55 20 91 80 97 49 78 20 48 93 38 15 40 52 26 16 21 99 75 52 29 58 81  2  2 51 35 16 29 93 44 37 67 39  8 32 56 72 98  7 12  8 51 75 13 71 31 74 32 43 24 54 28 22 12 72 60 26 48 63
 36 80 24 74 58 76 35 22 83 43 23  3 47 41  8 23  4 40  2 26 62 59 43  6 23 16 93 13 66 36 70 26 11 12 61 74 87 42 47 61 66 32 22 37 27 13 33 36 27 45 91 29  6 44 85 82 20 83 21 64 91 23 39 25
  9 74 32 65 59 14  7 41 53 20 49 52 70 71 58 36 29  1 23 25 28 32 16  2 84 11 98 23 99 22  8  8  1 31 39 10 28 35 33 53 67 67 53 20 22 34 50 39 30 94 79  7 72 81 66 60 66  1 40 74 35 37 94 38
 30 57 57 41 22 57 34 31 65 81 57 27 31 58 17 42 56 38 82 74  6 64 83 59 24 60 82 67 22 99 16 24 12 13 16  2 49 44 77 22 91 71 52 12 89 18 70 66 34 70 46 42 36 12 65 64 21 15 24 24 74 58 72 19
 26 92 55 14 69  1 61 43  5 40 13  9 97 65 93 41 13 82 53 88 15 15 21 39 25 67 50 85 57 35 13 36 74 17 72  1 61 95 53 27 68 15 37  6 10 12 82 23 59  8 82  9 22 48 41 27 61 12 18 20 68 99 31 20
 38  1 68 22 96 95 94 91 93 48 29 92 82 17 66 67 73 85 57 41 83 82 83 62  8 54 19 53 67 99 68 39 63 49 64 98 43 77 53 25 36 46 25  6 75 78 88 66  6 77 12 38 19 96 88 98 78 48 36 53 39 51 75 25
 83 92 54 84 86  6 23 71 13 25 83 74 75 66 18 97 68 33 65 74 63 71 32 47 21 97 22 27 78 62 99 70 12 87 67 55 39 12 98 89 17 60 44 36 48 74 50 40 71 25 82  3 94 71 11 24 60 78 26 15 39 62 66 87
 55 35  6 99 38 50  2 70  2 70 71 93 13 67 28 94 71 71  3 13 76 38 45 87 91 66 22 52 42 83  3 31 84 48 92 67 90 23 10 35 46 87 73 96 95 44 55 96 33 23 23 78 25 44 16 32 25 22 21 59 56 88 30 51
 72 24 14 11  3 75 90 38 83 75 33 73 63 88 26 86 28  5 44 87 96  6 76  6 77 76 70 96 28 64 73 62 19 86 75 32 13 71 84 70 47  3 49  9 30 26 16 59 48 85 38  7 55 88 27 90  1 66  7 92 27 87 68 51
  4 44 21 96 28 11 77 62 59 14 82 39 53 83 75 36 88 51 52  4 40 24 72  6  7 79 56 84  5  1 45 30 37 36 40 87 44 21 15 63 14 68 45 93 21 81 89 15  4 67 19 41 61 63 80 61 79 94 92 51 50 15 22 50
 71 10 10 36 32  8 36  8  8  9 16 21 42 62 46 45 90 32  4 36 48 96 63 85 16 16 23  6 41 36 37 68 85 52 80  7  4 71 45 29 21  2 64 50 77 89 68 10 70 11  5 38 75 64 53 85 95 44 99 10 46 14 58 75
  8 68 88 80 44 50 44 25 21 67 28 60 26 60 15 28 47 56 38 43 70 30 52  2 90 16 53 58 36 62 14 80 95 81 45  6 79 64 20 18 41 40 79 21 14 21 25 89 51 81 95 50 86  2 50 33 19 12 80 79  5 92 11 76
  4 66 59 88 18 93 54 78 66 83 67 88  3 13 91 64 90  5 52 76 70 96 94 71 76 56 99 40 18 87 68 97 20 70 90 14 42 12 59 30 39 97 78 97 83 22 28 48 16 83 18  3 72 57 71 73 65 46 96 36 88 87 22 74
 38 84 73 75 34 79 66 84  2  9 47 90 40 55 55  6 85 67 75 28 82 52 95 20 15 84 58 72 91 14 98 83 81 31 71 95 20 80 28 95 94 68 48 13 27 68 24 68 18 45 22 83  2 73  4 91 43 22 40 49 94 96 75 48
 32 38 81 17 29 97 82 56 67  8 29 61 26 36  6 34 88 46 56 16 27 97 95 40  8  9 44  1  3 24 65 15 10 71 44 24 69 91 25 14 37  4 33 86 69 10 55 64 53 12 63 56 97 57 71  7 85 11 70 35 19 40 15 32
 26 70 86 60 47 38 83 30 27 94 23 25 46 87 55 33  2 63 47 49 95 44 56 59 15 87 58  4 40 84 16 67 47 48 53 73 85 41 69 28 44 82 43 46 94 80 81 30 37 94 21  3 88 50  3 60 67 24 70 21 52 64 85 46
  1 58 40 71 40 59 73 93 18  4 11 82 26 24 88 13 37 16 41 13 37 95  5 64  8 97  4 21 19 14 55 19 85 52 67 10 90 75 40 14  5 52 43 57 27 27 74 72  4 48 74 53 51 78 28 69 64  2 17 30 88 13 84 64
 29 79 13 95 27 69 98 51 99 24 97 25 41 79 97  4 95 53 47 41  5 20 74 35 73 97  7  8 32  9 86 56  3 26 29 38 40 51 41 37 28 83  3 65 98  9 35 31 67 79 67 17 26 76  7 52 51 80 21 97 83 52 69 57
