64
154705 147498 138199 149393 166485 154725 165755 162639 168001 159071 151314 148177 159581 145090 160616 155052 169583 145421 153198 166908 160149 154359 151343 168696 156789 151188 165164 161180 168238 154763 149641 143700 155654 166759 155361 155181 160507 155914 178974 143627 148769 155350 157004 169835 159437 162771 137446 156037 173306 146068 153246 154770 154968 154690 164303 163887 170398 147320 170736 147779 140776 157241 130390 172449 
157258 148860 159962 148521 183302 156187 181149 173360 151168 153080 155557 141695 158808 140355 160761 159049 187264 152875 175664 172623 169479 155190 169535 180184 175250 147187 168089 159579 167211 150724 158073 157699 160530 180874 176034 174678 172957 162468 173853 152441 152326 169902 176726 159361 165535 172652 137336 146612 163374 152279 173393 166745 165064 163336 163436 180926 174029 156775 171934 148185 145913 165674 154140 182464 
124662 121819 130631 116627 134389 128284 146700 146981 131874 133053 116667 121636 126280 108674 127749 128312 147445 128951 136851 130026 132583 121538 137930 143367 123854 123584 134663 129686 134959 134967 137278 117168 124022 133016 126325 133471 140493 137119 141837 127021 107723 131849 127205 128811 139438 143441 110617 131759 135909 115640 130538 118392 125039 121746 133733 142736 137769 122104 144870 115609 107352 136038 120725 140355 
160490 175324 150868 166232 193607 157568 181701 189577 173292 192500 175636 156755 182726 154342 180006 153519 191433 168611 165125 199219 181436 167107 171295 193071 180639 155774 181615 166461 175270 163671 162994 167610 164707 187511 175922 189740 181919 164025 186568 169797 159877 178853 161672 186809 175495 182073 151542 159926 181934 160614 186575 173945 168109 169889 177738 185085 176390 169863 187402 171809 157482 170249 141560 186119 
176518 186682 188969 175211 196765 180155 204460 193774 178728 191772 179154 169283 195860 164786 191730 184767 199165 188714 190330 205052 189107 174788 188835 195530 191118 160766 201592 186212 194519 191757 171381 179082 177036 197176 184694 191901 201131 175032 185903 173882 164012 198377 190437 190921 187124 200538 171430 180734 195064 157732 188234 180372 175029 173903 196496 204111 202719 187338 205370 176543 160563 176715 163146 201270 
145850 156259 159225 145833 191012 153569 166976 175140 142860 168240 147274 157432 155041 149456 164244 147574 195206 157611 174870 176362 164144 158819 170514 173372 166732 141871 172998 176733 173128 149352 151183 149117 154851 170557 169427 163647 166427 149732 173433 154438 149033 165634 161374 170902 163172 167784 142527 152788 150485 150552 168943 154225 148947 157854 167967 176021 169230 154588 174487 152786 135381 158538 142541 167795 
143364 143649 162478 128053 170506 144778 172014 159838 140953 155640 145365 138521 160695 142189 157473 148075 164769 153321 164910 159629 159918 150528 163685 168628 154931 140013 168878 147317 161742 145610 152783 154854 156447 163943 153646 153580 161916 148087 150377 136394 133620 153245 157966 155682 150647 162530 143123 148388 151512 137004 160200 148270 148098 141671 163062 166105 183038 153513 169993 145371 137895 157657 142063 175584 
142022 131232 140880 137216 172171 145651 159092 159672 136903 155765 146039 144493 154952 129999 151689 141217 165883 149857 142930 172467 162960 153144 157871 162359 142361 135030 155485 158459 163033 147779 155408 138829 143259 144983 150271 167366 154944 148652 159503 143583 132693 146421 158514 150233 157142 150472 135014 161953 145686 143273 160344 142404 141985 144311 163887 157478 154985 153293 163406 135801 142158 158062 132036 158037 
165434 161262 171639 160370 191117 165748 183653 183009 178314 175594 167710 163747 172934 145804 162094 170802 179498 171207 176916 182390 171606 152554 172881 194169 182745 165731 178052 163061 184574 171910 162351 168244 147898 181529 166502 182412 179768 182492 182769 175516 144221 169200 171133 174701 173003 178560 162745 157522 166470 151172 172197 176148 166224 164597 170158 181639 190336 164334 192547 160832 154452 168118 160228 184227 
162428 154895 160247 152699 180744 167105 182569 185727 170550 160446 165933 142515 166426 146591 163287 159873 194196 169656 167295 173664 162572 162317 163304 191709 173564 170558 167951 161707 178159 156172 159428 166754 165168 182614 165001 166501 172175 169596 176406 169928 143887 173096 160275 177613 178578 184715 147801 154328 166035 150160 173118 158277 170172 157452 166846 173515 185003 159408 177718 144203 135965 173188 148095 192165 
168710 158881 157185 151396 184036 159171 175370 170077 162834 162466 172557 149985 159629 143949 174060 168064 175563 161113 175928 185608 160446 145564 172550 190062 176050 157312 159253 162860 175897 165764 161300 157452 169046 168822 160926 187607 177441 170093 181864 154423 146943 155586 169235 163796 173181 181749 149630 174314 173534 156790 175027 166611 164112 165483 177884 175023 176283 162135 183796 148750 144124 173242 156369 190191 
166356 152879 159566 166631 179460 159699 184988 186669 166656 179378 151671 150836 171510 146466 181075 157724 189631 167935 167014 180817 180878 170681 166845 172989 166408 158739 181126 154915 168956 163275 158444 167346 160581 174424 177247 176396 183350 150666 167177 157212 159761 170184 163325 169448 171579 177286 130726 160788 163397 143321 179774 159091 164912 164839 174693 183342 172508 172750 174077 162662 157425 162439 148234 186282 
142679 151865 160678 147485 178500 137584 162002 153133 139287 153756 151446 142970 153247 119381 142409 147642 169166 152870 170245 167038 141841 139070 157723 172698 159708 132005 166087 154291 154189 152829 147019 150635 134879 170887 156760 167087 152198 149955 166725 145125 130426 146922 144836 154524 156668 162674 127705 136750 160641 135884 163368 151586 145011 147049 152049 162567 167739 147014 164860 140690 144755 150961 128677 168292 
150648 159792 153170 145557 184276 147705 168090 165636 140859 160852 150226 145025 162518 135615 162226 156480 183104 145507 165975 173849 152663 151243 162826 174165 167657 137135 163030 151563 165245 143773 145584 155230 148303 160332 158473 182737 161835 161421 164152 149065 138979 148828 159914 169985 162846 169696 139148 151102 153270 145231 162712 151575 155030 146414 161702 179184 171475 155596 184051 152704 153302 151299 147427 178635 
164113 152573 163745 166969 196251 169416 191240 196361 168565 173853 174876 161365 174054 146172 180418 165334 190558 170409 168158 190662 166542 178327 183083 186980 176818 165761 192916 154711 174437 155416 173460 171951 172974 185283 172240 185479 183824 164116 188018 172603 165333 169076 180863 188707 182355 186711 150236 174199 164339 154150 174988 162255 163743 166840 180639 183329 198878 182036 189531 162777 156978 186487 151803 194024 
145787 134953 145195 134359 166647 135152 169733 153770 145807 149080 152594 133308 149285 124357 159020 146800 167303 149128 149443 161381 143452 136777 150595 167750 160972 138926 162946 143177 155078 137245 144241 148230 149769 162436 140590 174043 154246 152044 151080 147174 128297 153970 156357 156705 167696 165648 138303 146756 156625 142645 145079 149609 135886 137741 153157 149987 172021 150197 169903 135520 132529 169748 144756 173408 
154261 145733 147874 149099 170100 152838 185084 169631 155995 162294 160534 134529 169319 139909 157645 161900 181006 162520 154673 176790 169162 161681 168934 172627 169497 141539 177519 161374 154786 165177 150222 157942 162321 163273 161222 177530 174559 156962 167352 145144 151944 167976 174683 165846 171280 164262 145249 156025 152203 148006 172839 142164 153459 157694 163489 175589 171796 152211 173288 156439 145154 154638 147460 177299 
154333 148130 146609 137767 165568 146608 177888 164972 162400 155923 154612 124470 154760 132781 156413 158205 170430 156435 159543 158314 162152 146701 157799 169710 162511 151142 158853 166525 163410 165292 155838 144086 154885 154836 157147 156792 155024 161423 160130 143602 143134 154789 162479 159310 147305 171621 129750 165041 160002 143607 170642 161542 154099 153167 159085 153896 154193 145122 167734 137695 133980 156038 141720 169606 
150120 151637 163975 143152 165781 146863 160598 161627 142058 156179 143330 149172 156880 142397 158953 137931 169672 145672 158416 164801 157382 155918 150131 168607 163838 139978 149679 150872 161375 140850 148883 144279 143523 159985 148519 152046 164188 155284 160436 136462 130942 165401 144302 163999 168517 163948 137156 147888 151908 135651 168976 142535 149907 139906 150391 159668 166995 151486 168511 143581 131911 151658 133641 174384 
126732 129833 138934 129119 136267 127411 150107 138712 122770 119735 130869 122743 131499 118511 138836 127484 154023 128695 132338 141011 134400 130822 145014 146355 141323 125776 144771 139813 146488 135538 121941 133820 129346 138230 125417 133084 146354 126143 140102 125484 133306 136652 151932 137258 145587 156146 132495 133707 114372 130244 139469 116952 130414 128523 141096 138321 145148 129090 147194 119811 107356 143912 114660 150444 
173228 173649 179093 164325 201923 186415 189482 191419 161523 179715 157391 160749 177592 156286 179635 161693 201968 164678 176695 193794 182961 181814 183868 183278 183819 169716 194178 185073 184660 174805 162870 185945 163622 190199 184969 189973 176343 172841 183141 161646 158450 178217 175944 191246 189768 183714 152501 172333 179884 154740 168599 174323 165189 170906 187457 191786 198746 182982 190472 162804 156718 179484 150864 191730 
159403 143450 159754 157658 168187 161943 175301 172424 153453 167408 156449 136511 146023 127716 163677 156549 188006 154761 156373 173425 168377 164158 172435 176576 156897 149932 176491 150882 158993 149535 157104 153059 153415 167019 159069 171172 172512 152289 170735 162197 141692 164925 160835 147957 170457 163913 145964 164179 156945 145463 176881 144158 159000 152448 158467 169964 169079 161896 163869 154437 140200 154966 147370 171952 
149122 142002 150758 146359 166625 148104 163399 154782 148502 169570 154222 142292 149860 146068 150973 160242 169926 168373 160247 170545 163662 165583 160817 174304 147994 141435 170431 151496 160699 139844 150158 145863 149506 165757 151604 161377 154337 140495 167486 143144 139581 171836 148550 173833 158461 166052 136879 156085 145705 138926 158108 145174 143235 137532 178767 158164 157813 150231 160056 144508 132072 156427 139823 172760 
140707 148768 137397 134000 163666 146890 164910 147344 135792 148624 150799 142928 142998 138670 147391 136309 167531 137553 145775 166434 149649 141224 149038 163802 148281 139376 141562 145053 154784 142140 133466 144117 152544 150471 147440 164268 151442 143698 158523 143064 134684 145888 145121 160293 152997 155669 125522 148380 161759 138812 155473 149878 144110 151645 160526 159418 160030 146101 165521 132328 139753 153415 117451 175050 
162346 149154 152765 150255 174569 153978 170215 167657 146843 168653 153398 157019 170056 144449 163440 144528 180517 155757 161124 176202 167126 168156 164213 175631 159071 137797 172895 172624 163536 153399 157868 147646 147993 159296 159515 172186 168647 151054 174515 141266 143740 164509 157295 167078 172396 165901 140019 158922 148652 161498 167064 145695 146752 150915 176948 165875 164821 152748 176788 140465 139917 168222 146005 168598 
140596 150148 167767 144394 177169 154405 174221 161383 143843 172559 158942 151255 164135 144373 166585 157531 185359 157818 182363 177549 162089 157880 178370 191970 158019 156598 170770 156472 168209 148038 153725 156995 163148 178093 160170 171871 173893 154859 178352 161386 155197 163062 164622 158645 171716 175502 150618 151678 152536 155625 172419 155150 159827 149969 179290 172252 170543 160667 177162 148745 146490 166106 158079 174894 
161160 162714 174363 156328 199054 174384 175831 177680 164367 185809 153103 159817 179940 156922 161416 170566 181659 178349 177152 180905 168046 175966 185735 157897 167429 162768 176924 178582 187807 164600 157157 160034 160173 177041 176604 172828 167941 171695 174670 156315 155357 181274 163239 177855 157724 175110 151759 157413 182315 153270 169188 170486 151247 147799 173528 180818 181134 167400 188492 160272 154476 164421 143739 189192 
133629 133894 135935 131114 153743 139642 155614 146194 136335 129851 136039 128413 125711 121082 140661 132053 146043 127842 136747 150029 141361 136829 139630 156036 132201 125559 141295 132923 145158 130524 134457 132455 121949 140907 142783 146624 138315 132609 151591 131646 116965 140327 141636 144879 147832 142397 116790 144099 140073 121240 148527 139552 137416 135146 141368 142858 147085 130772 147080 122472 121313 143523 127602 150941 
157013 155031 161516 153831 183629 147756 174926 173734 157882 172685 155997 151969 163053 137524 164946 157171 199783 169641 167165 173724 169827 159445 163646 193378 168358 160002 179461 171423 169499 151213 156689 165947 150437 172386 156790 176654 172849 156434 179759 167032 147899 161343 165173 162557 162985 169965 143494 161177 160020 166280 178793 159473 158182 166455 176660 171735 168708 154835 171911 156530 144243 172550 151138 165684 
157904 151333 158989 155392 179007 163020 169156 184061 164527 166180 149814 150227 169724 143694 181141 143880 177694 156249 144787 178305 174215 149346 157442 177421 184414 153825 173035 167535 167987 161821 154773 161915 145217 171931 157072 154994 185218 166190 179132 152069 139679 173307 157889 158550 164041 164762 157997 156493 153631 148318 168685 157546 158873 164526 153627 166111 167198 153382 184325 152864 131338 161979 146254 168523 
134356 130606 132702 125888 172627 133106 155928 148587 143114 152883 144640 124503 154982 128115 138271 131332 165195 149553 140608 155036 141097 144551 153893 146416 156226 146855 153569 142772 158779 141206 144139 133679 147573 155052 137981 152164 142419 139057 157922 135897 131007 149165 136079 154536 138850 161802 134958 142700 149439 139946 148155 151191 129534 136063 155776 147314 157496 139006 156709 133648 122889 150792 109413 160123 
158400 156748 169110 154732 195375 161125 166801 172401 139976 164710 149794 158748 161543 141610 162483 151206 184718 159760 165565 172803 157321 166286 180771 177238 174434 151054 168883 169995 176057 147023 156333 162589 150999 168419 166456 183212 162195 167553 164823 149456 147011 173559 154478 169172 172989 169220 144553 159786 156929 146010 169155 153991 157440 150382 172377 173661 177173 166967 181039 152746 144885 164964 135336 179294 
151999 137920 141237 136084 159552 159393 148426 165310 140573 150016 135116 134529 142538 118569 137393 133129 160246 142234 149787 168342 145316 144621 156938 157761 150678 132865 152756 141223 156754 152476 141917 140073 145655 150719 157770 150281 164009 145751 157879 139810 133252 142626 149030 149573 150208 163093 123968 141697 150784 130512 140693 143273 133508 147284 152504 157992 154611 150091 153904 140471 126820 148409 126052 158709 
130735 134790 154912 141146 167226 145345 170796 161233 136031 137749 133714 141269 148330 114220 157694 138617 165116 140526 152338 151575 147397 137370 149793 171415 155001 140547 153573 149490 141408 138609 149952 141312 142084 162165 150661 151561 154369 144032 168257 144318 138671 146220 137064 151071 151936 160368 131203 142608 139865 138937 144196 138730 143214 144114 155998 153377 160182 142307 165746 143864 127548 159977 128749 167297 
159687 149723 153203 163436 182446 156843 162075 181724 152461 156789 153820 149341 168637 146143 153728 153530 181329 172863 168536 184790 146691 152338 166242 176264 180031 148882 168818 162993 178923 148921 154712 168466 150773 177379 162119 174274 160156 159923 171167 154406 132418 160338 155150 178929 169905 168121 148133 162210 164097 144116 153493 148970 154707 166231 163752 183197 192286 163922 169960 150930 147356 162885 143332 176482 
161362 165703 164395 164120 187385 165138 172763 186269 167277 166007 159895 177815 158827 150426 169992 166040 182623 163144 173254 176070 172374 171339 172305 176186 178059 151414 174988 184390 173815 145800 165917 163293 143159 176911 173083 171344 166716 164016 178131 158908 149181 185459 169401 182359 172287 158244 150022 164498 164887 145229 180052 156940 151062 172425 163244 180901 181961 166603 186631 153191 150629 174735 138665 190127 
172778 169260 178695 171479 204757 178133 213241 211133 179629 173717 173359 163715 194818 163541 198338 175291 202173 159361 185146 206930 194100 178109 196554 192440 188730 170469 198303 168972 191332 186011 184192 183255 181069 199617 187436 183458 193845 185517 193101 172467 181258 182359 196735 188029 184356 191820 160977 189902 178033 165781 184819 184595 192302 183508 194990 205615 203125 185502 197181 171211 162960 183261 160792 200704 
146408 149441 150785 147635 171920 153432 180293 167964 154913 165509 154991 142740 164335 146808 169859 158464 176723 159830 165519 184324 166247 149017 162687 181983 160004 162137 163291 154633 166936 158056 149276 153174 171860 171718 158896 170403 174850 154387 171583 145070 154281 161287 146397 181078 163067 181310 142883 155406 164307 150421 161318 153736 167841 156463 167150 171405 171614 154410 181396 148050 143725 159278 137877 193139 
173922 162921 170696 181209 188185 181715 186884 196023 164154 182412 165367 160893 175625 161672 168996 165445 199261 165766 173373 192727 175147 182088 189654 182703 186539 162233 193977 174798 185505 166072 177387 174992 156158 189227 179138 186390 193287 173756 200125 171058 164061 182924 181018 178224 191639 174291 157541 177617 169806 170121 189950 168807 173785 168228 183981 192419 187831 172896 193105 164079 167403 173149 166812 170554 
140106 151154 154187 130953 178329 144499 158723 158008 140332 162847 142227 150131 150671 131354 169045 139420 178036 146984 157231 158750 150946 140034 166757 158015 158265 144113 150215 158545 159956 132519 139822 145487 138656 156477 146175 166658 144350 160223 155131 157571 133593 159665 154272 153089 146642 153815 138191 139561 152141 139075 152314 147461 132964 145527 156462 160295 161990 151390 167915 148082 128795 161545 136205 171069 
144431 153236 146504 140942 179439 153213 165660 158537 141155 165510 144724 155813 153068 130335 158291 147943 181327 135674 161451 168101 148748 157422 168469 161878 153003 142998 167950 150981 166970 138878 144428 147543 143481 156723 148337 174126 155055 149810 166455 153383 139832 145790 156233 162206 154508 163502 142159 142054 136989 139771 156155 148588 142408 148744 160524 173069 166026 152903 166667 144489 140534 155513 122684 174869 
135472 137390 145427 138993 164936 148938 169714 156138 152444 153188 158657 138239 156399 131651 162349 144127 165347 146110 147114 167348 147167 139791 159756 178206 159590 152473 172343 155539 161393 140340 143580 157262 151834 165760 140813 163830 164196 145928 170121 147342 142551 153883 156153 158329 158589 174226 141444 147796 146324 158001 150648 144740 153965 157609 157339 159015 168742 146211 174035 129307 127107 169736 135049 164227 
176668 163927 181732 177492 197817 179671 191552 197220 170192 185283 178480 155701 182465 162401 189238 169119 202106 178603 181845 203458 180633 186356 184678 196738 190710 170983 194442 169511 179529 172037 166392 181589 174757 183009 180422 191120 197022 171473 188767 181424 155669 172403 191764 186217 202127 197399 172665 183679 171368 158375 185099 167259 167888 166806 182651 192416 200775 189842 192118 181368 159355 182101 172891 197922 
162532 167519 179086 161094 189971 164263 180586 166339 162974 168062 170204 169398 163791 151582 180439 165759 190178 147891 184068 169925 171423 152965 176744 193902 174866 162473 179072 169710 162727 158132 153020 168929 155914 182946 164015 190125 183506 162255 183044 168049 156397 170065 181000 163107 184685 173040 161118 161976 157361 162271 178283 162148 165131 162828 181496 181798 184166 154196 188090 165654 155250 177310 159662 188979 
149863 149977 150213 147889 165089 147391 151220 159117 154793 147573 156833 149586 161126 139116 150039 148684 166743 167008 157370 175957 145105 151887 153985 167522 163627 141255 164507 162002 167638 146739 146024 159768 141552 157717 153316 156076 165929 134264 173263 141865 131207 154651 145491 168512 153352 167057 140864 148708 144503 153725 163351 133824 141324 157660 160181 158120 164768 149712 168467 139619 125896 159527 125350 180394 
162971 167729 155287 160162 184903 164581 170864 179623 156132 169015 160680 160269 174067 151723 163198 156554 182511 151066 165403 173880 174092 165596 169026 171304 180157 156739 167189 183756 172379 159085 157632 158079 159422 171375 173039 174368 177147 168161 174156 151554 158179 177160 171312 181366 176097 165869 142957 169918 170734 153930 177616 169715 160290 169032 155858 173101 171938 153596 183698 146771 161124 169179 134246 176658 
146021 128481 148436 135447 163031 135656 161603 153116 145356 145759 137407 140560 133080 128655 155756 152705 162686 145526 153080 148216 137006 135995 145691 157268 145336 145349 137270 146209 151001 142733 128592 133111 142855 143376 129153 158444 158028 142204 145813 137537 130042 136955 145736 137667 147507 159230 126614 149187 140133 130642 149098 128237 143761 142884 152091 157685 159400 134413 156958 135572 125487 152076 128864 160058 
130840 121820 129435 135170 147634 133025 148811 141363 131165 146054 122053 135132 141871 114880 141481 122533 143068 130795 127941 142092 136019 133126 141689 148634 128164 126220 148173 129000 141229 136005 122046 130820 125255 141568 131333 144424 139472 131164 143970 115800 139159 132655 126825 130246 134336 131738 115940 127234 137543 118060 136475 127191 136028 129530 139509 135897 143014 133353 146351 134016 132242 122120 116431 139234 
120875 129262 126383 124052 145109 134100 151241 139249 127996 144849 131422 124674 139617 123178 134777 129785 137080 131380 129069 130847 129156 128298 130633 151371 139987 116893 146563 137633 143643 130343 130881 124097 131685 150534 136865 133574 136044 133275 137526 124393 121921 145962 132516 129011 143183 150764 125461 126352 136499 112582 137841 128502 128069 113510 124079 140039 141347 121678 148022 122858 118739 128230 116841 142877 
134325 141850 152110 137687 159651 144502 160818 164835 137080 145374 133703 149956 134632 134549 150504 135884 163247 139458 147774 151642 153488 146242 141714 166366 142421 142386 142616 150652 144994 140887 136627 138634 138950 153133 142583 149531 156685 145228 154920 149572 123752 149329 144786 152347 157986 149002 132871 144677 136144 129430 153395 134158 139236 141508 147278 149365 160660 137678 168413 133929 128368 152722 128489 157904 
130180 132928 139238 130611 133526 132210 137091 144768 136383 141662 122495 127339 137371 113973 136325 123511 146650 141887 138715 138823 142451 128735 139869 149572 141351 117463 152807 131625 145421 128912 133489 125807 120179 145791 137651 128756 148704 126846 140214 121979 124005 148404 137820 140853 147234 154141 121249 122520 127382 116597 135356 113785 119166 123125 127907 136437 139169 135413 137464 129716 106524 138521 125318 143737 
168137 179406 182496 165610 202931 172901 191981 182442 171496 171811 174819 166443 187647 169515 181713 174305 203197 173026 199356 200665 171573 171402 192042 208467 190710 179117 187957 178812 201379 169325 178406 186770 172316 185623 179364 208142 177487 182883 193153 173382 162753 175373 188923 188503 188678 191315 160781 185006 177615 172898 190306 172715 179810 175231 200613 198605 199567 183268 198940 167486 155181 189139 156464 201671 
166612 160255 166070 160790 187180 177890 190414 184493 173085 177567 176707 159422 176884 149979 168943 166134 183351 176552 171587 183751 187261 172273 171577 196314 177587 171925 182423 179540 174647 172244 170792 170500 162739 177703 178507 172833 186872 169555 189428 165803 154834 185612 182509 182161 177223 191936 142983 172123 182146 157106 178384 176665 165506 173578 190097 184412 181104 167381 181113 152794 147791 184955 151297 193478 
148287 155207 154201 150321 177168 155739 162672 167913 155286 153433 155056 149986 154397 139194 164050 149043 176650 143623 156882 173371 156071 153842 157100 168116 170954 164105 162615 161203 166426 146825 148876 158711 147056 169905 159359 170525 177108 144610 179864 155144 149101 154423 161542 176486 165747 173755 140371 162586 158520 150406 157832 155623 144360 168073 168532 164089 167225 166351 177545 146110 141212 173802 126024 171862 
163006 162885 151629 146370 179136 158585 162063 174909 160945 172305 157693 161208 159970 153159 163023 153496 177472 156463 167082 175773 162020 151905 175907 166279 160904 160112 164843 174086 180345 161318 158366 157386 155153 169901 165115 178118 161214 171268 168873 154225 150092 173612 169489 164170 161908 166743 145818 165703 150591 152451 165204 164215 149003 165503 169062 175313 161994 143239 179530 135287 139038 166131 132831 176413 
150441 143962 152919 139723 179406 153963 151786 154626 127807 148737 140756 121512 152169 132842 137874 133370 162983 144837 146326 155621 142974 152764 162122 165085 157567 144031 151102 155553 161377 142804 134631 145148 143761 145010 155435 154511 151633 158212 154302 132135 133724 137268 149033 156940 155410 168640 134787 146542 154311 141754 159304 148888 152187 137459 147815 158366 165080 146097 168334 130770 135375 148874 138277 151862 
127788 129899 130326 125280 157747 136062 136201 145851 131484 134800 141215 114363 145777 113918 127443 124013 155571 145276 137830 157960 129928 133738 125173 150654 139323 122885 141202 137602 139328 127156 140760 132722 120906 143772 134791 151111 148208 121883 160735 132281 108125 140360 129184 150586 143886 153251 122578 125269 139699 130747 139843 127671 130515 128674 151387 153454 153479 127930 150640 130796 105036 135995 120603 150006 
153078 130709 138282 141731 157077 147910 165016 168815 146679 147692 143563 129900 149777 137625 162565 144432 170321 139438 143625 158786 159708 145710 152607 156836 155828 134711 173274 151690 157310 145947 137227 144487 141464 162793 149788 157998 167830 138507 158880 139719 141789 158387 161968 151209 161050 157426 135306 148130 132001 141495 152236 141467 146225 143108 144790 156353 153972 135740 159037 134724 127700 149139 146738 156842 
177959 183584 181506 171348 225941 187474 199664 212664 177999 176076 178161 179984 184450 163071 184205 172922 208545 164321 185950 195840 182581 186945 186632 202172 190405 177759 191572 185808 188408 174179 175103 187059 171512 197554 190645 203005 201218 180638 202192 185609 162498 181965 196337 191865 201644 201282 164406 175177 172594 175561 197457 178560 177077 183713 191648 210304 206580 177934 209693 159285 164228 200689 164166 204775 
167278 164387 179440 168440 202914 185784 182466 166007 172542 165065 165612 158043 178268 136679 178196 184046 196331 167035 179258 185066 171437 165047 185444 194802 187917 178176 185061 183888 193484 167883 155183 182930 168115 179360 174188 184825 192034 165189 195334 161514 161499 167270 179549 181283 189392 187359 171964 179924 170141 159739 179024 168849 172524 175482 170128 183500 184700 175420 188086 162206 155897 179362 156461 186820 
129546 130509 137435 128031 146099 128675 154298 141135 128443 129487 140118 116611 124064 114150 143660 132473 151746 127056 144557 143817 132654 129951 140584 157342 133354 129230 150940 135418 125958 115590 127913 127758 126976 139546 121962 150067 144674 123040 152560 128833 130849 130453 139772 134460 139236 142308 114858 133494 132484 142637 147835 125620 138773 137866 141660 147951 157117 114969 148064 123456 116924 149790 129158 147500 
160252 151905 175699 157525 180250 159906 179501 172738 162987 160071 152320 159688 168263 145380 158083 161174 192439 163044 172332 168754 168153 160521 161052 180065 171495 168102 176620 163721 180336 158653 164081 171691 154953 179311 168840 171754 185695 166337 173801 166984 141331 171851 170063 172092 182598 183869 147337 147668 162460 156486 168685 158556 161202 153442 169947 178043 181334 159579 188434 150378 139631 169480 140616 181133 
123329 133707 144295 118058 149341 133807 146199 140166 136075 139464 135911 114940 139794 112267 144162 138193 156880 141688 151874 134585 138253 134926 138118 164500 148450 142603 147623 131769 145709 125155 129068 142509 128952 151663 132244 131341 160439 123650 150191 141244 133915 140212 143283 131391 151340 161701 124861 121235 129060 126641 149087 126896 129123 123000 144880 143170 143582 127167 141040 132910 110423 153633 133046 149170 
157834 166215 160114 153061 173166 148351 166758 166607 150770 147651 149665 142256 147659 130133 152871 153134 171831 146681 168074 150768 151503 143453 160394 174012 169037 147874 149007 155645 164800 150510 147969 151898 144665 166939 163680 159957 171138 164145 169945 158094 140659 152144 159862 153921 158514 169273 131199 147810 154662 145938 173987 165504 157115 159520 153222 161697 162563 137709 170966 143812 148223 161120 142463 163839 
